0.0292037 0.054844 0.100997 0.998611 0.00730519 0.0160123 0.0496651
0.0150194 0.0483556 0.0990647 0.998481 0.00355962 0.0218934 0.0504179
0.0214125 0.0414031 0.0997307 0.998616 0.000299895 0.0188909 0.0490698
0.0303303 0.0356539 0.100631 0.998748 -0.00234241 0.0148744 0.0476683
0.0341807 0.0245442 0.100721 0.998785 -0.00800407 0.0131718 0.046696
-0.0429553 0.0258558 0.0829852 0.997232 -0.0114289 0.0465187 0.0566534
-0.0991812 0.0510946 0.0708392 0.995381 -0.00158305 0.0724662 0.0626655
-0.120166 0.0791271 0.0719271 0.994393 0.0122951 0.083127 0.0637872
-0.143674 0.169418 0.0915074 0.991427 0.0599535 0.0980684 0.060642

以上是运用48组P、Q点，对于不同的error标定出不同的结果，对应数据 data4_1... ...data4_9
标准值为 0.03,0.05,0.1,0.99863,0.005234,0.015701,0.04965