0.0297439 0.0492397 0.101016 0.99864 0.00460231 0.0153586 0.0496019
0.03014 0.0471465 0.101435 0.998642 0.00379643 0.0152934 0.0496335
0.0308669 0.0456338 0.102272 0.998649 0.00333237 0.0150986 0.0495739
0.0316115 0.0447736 0.103147 0.998656 0.00308542 0.0149006 0.0495066
0.0332144 0.0431394 0.105211 0.998661 0.00258303 0.0145469 0.0494529
0.0334178 0.0408402 0.107237 0.998651 0.00177922 0.0146913 0.0494939
0.0324992 0.0376874 0.109506 0.998631 0.000645397 0.0152335 0.049563
0.0309485 0.0339732 0.111975 0.998601 -0.00069633 0.0159987 0.0496462
0.0232324 0.0145238 0.126364 0.99837 -0.00755753 0.0197524 0.0501201

以上是运用729组P、Q点，对于不同的error标定出不同的结果，对应数据 data3_1... ...data3_9 
标准值为 0.03,0.05,0.1,0.99863,0.005234,0.015701,0.04965