729
536.703 536.819 328.442 221.513
578 -67 -0.101966 -0.200216 -1.59985 -0.399707 -0.300534 0.599928
541 -25 -0.0987025 -0.199074 -1.80017 -0.399641 -0.30077 0.599854
513 8 -0.102129 -0.199129 -1.99998 -0.400058 -0.299218 0.600352
602 175 -0.0993338 0.300835 -1.59988 -0.399898 -0.300125 0.600006
564 182 -0.100239 0.300099 -1.79997 -0.399814 -0.300226 0.600011
534 188 -0.102275 0.30114 -1.99971 -0.400325 -0.300484 0.599541
630 423 -0.101602 0.79874 -1.60053 -0.399917 -0.300716 0.599697
587 390 -0.09865 0.800649 -1.79979 -0.399493 -0.299875 0.6004
555 370 -0.100171 0.797213 -2.0011 -0.400395 -0.299628 0.599922
334 -43 0.400026 -0.199965 -1.6 -0.400074 -0.299986 0.599958
333 -1 0.399775 -0.200024 -1.80005 -0.399954 -0.300178 0.599942
335 29 0.399973 -0.200399 -1.99997 -0.399851 -0.301077 0.599559
355 202 0.400013 0.300034 -1.59999 -0.399992 -0.299995 0.600008
353 206 0.39998 0.299768 -1.80004 -0.400269 -0.29896 0.60034
352 207 0.401105 0.300717 -1.99967 -0.400234 -0.299225 0.600231
383 444 0.39999 0.800041 -1.59998 -0.399874 -0.300129 0.60002
376 408 0.402281 0.800248 -1.79938 -0.400776 -0.299353 0.599805
374 385 0.39916 0.802976 -1.99897 -0.400075 -0.29981 0.600045
94 -12 0.900204 -0.19992 -1.5999 -0.400234 -0.299552 0.600068
133 20 0.900228 -0.199393 -1.79995 -0.399716 -0.299254 0.600561
163 47 0.899894 -0.200077 -2.00004 -0.400052 -0.300217 0.599857
115 225 0.899622 0.297948 -1.6006 -0.399879 -0.300131 0.600015
150 222 0.899304 0.301809 -1.80005 -0.400162 -0.299955 0.599915
175 225 0.900691 0.302062 -1.99938 -0.399317 -0.299788 0.60056
141 464 0.899235 0.801256 -1.5998 -0.399827 -0.29964 0.600295
171 431 0.9002 0.800047 -1.79988 -0.400021 -0.30005 0.599961
194 404 0.90022 0.801414 -1.99933 -0.400279 -0.300196 0.599716
580 -70 -0.102162 -0.500482 -1.59971 -0.399941 0.000131345 0.60004
542 -23 -0.100652 -0.500842 -1.79973 -0.400125 0.000552927 0.599916
515 10 -0.10035 -0.499839 -2.00002 -0.399705 -0.000570047 0.600196
604 176 -0.0998295 -0.00074214 -1.60001 -0.400452 5.6179e-005 0.599698
564 184 -0.0999943 -0.000186137 -1.8 -0.400172 0.000922946 0.599885
535 187 -0.100229 -0.00156561 -1.99999 -0.399899 -0.000916979 0.600066
628 425 -0.0999775 0.500876 -1.59973 -0.400087 -1.12093e-005 0.599942
586 393 -0.0990592 0.501 -1.79977 -0.399834 -0.000235372 0.60011
551 368 -0.10002 0.499952 -2.00001 -0.400001 0.00025111 0.599999
332 -39 0.399486 -0.500261 -1.60005 -0.399712 -0.00109774 0.600191
333 2 0.400397 -0.498179 -1.80042 -0.399954 -2.49759e-005 0.600031
338 29 0.400946 -0.500259 -1.99975 -0.400004 4.08351e-007 0.599998
357 200 0.400009 -0.000555717 -1.6 -0.400148 0.00013498 0.599901
353 204 0.399749 0.000331806 -1.80006 -0.400014 -0.00019644 0.599991
354 207 0.398747 0.000396527 -2.00025 -0.400004 1.90007e-006 0.599998
384 444 0.401002 0.501134 -1.59939 -0.400087 -9.02366e-005 0.599942
378 410 0.39788 0.500725 -1.80027 -0.399863 0.00012012 0.600091
371 384 0.400994 0.501147 -1.99951 -0.400166 0.000785876 0.599889
96 -12 0.8989 -0.501413 -1.60018 -0.400117 0.000129958 0.599922
133 21 0.899939 -0.499898 -1.80006 -0.399846 0.000215872 0.600102
161 48 0.898229 -0.5022 -2.00024 -0.399941 0.000113685 0.600039
119 225 0.900407 0.00052713 -1.59977 -0.400397 4.6148e-005 0.599735
151 223 0.900413 0.00106815 -1.79979 -0.399544 0.00011872 0.600304
175 224 0.900065 0.000301408 -1.99997 -0.399871 0.000620116 0.600085
138 463 0.900897 0.499567 -1.59963 -0.399667 0.00082072 0.600221
171 431 0.90004 0.498867 -1.80029 -0.400043 0.000156814 0.599971
194 401 0.900347 0.500245 -1.99978 -0.400942 0.000340403 0.599371
576 -67 -0.0999596 -0.800258 -1.59987 -0.399567 0.299735 0.60042
540 -23 -0.0998506 -0.799664 -1.80016 -0.399552 0.299987 0.600305
516 11 -0.0988173 -0.800835 -1.99972 -0.399893 0.301016 0.599562
602 177 -0.099868 -0.299944 -1.60002 -0.399951 0.299624 0.600221
563 181 -0.099238 -0.299651 -1.8001 -0.400054 0.299887 0.60002
533 187 -0.0981996 -0.299341 -2.00019 -0.400061 0.299711 0.600104
628 424 -0.0987287 0.199991 -1.60008 -0.3997 0.300986 0.599706
584 393 -0.0995805 0.198075 -1.80024 -0.40037 0.300028 0.599739
552 368 -0.100753 0.200636 -1.9999 -0.400369 0.300721 0.599392
333 -41 0.400848 -0.800765 -1.59941 -0.399895 0.300156 0.599992
335 0 0.398457 -0.799923 -1.80038 -0.400051 0.300082 0.599925
336 27 0.400732 -0.79914 -2.0002 -0.400046 0.299994 0.599972
356 198 0.401251 -0.300832 -1.59953 -0.399746 0.30012 0.600109
355 206 0.399959 -0.299887 -1.80003 -0.400039 0.299794 0.600077
353 209 0.399572 -0.300341 -2.00003 -0.399336 0.300056 0.600414
381 444 0.399845 0.200052 -1.60003 -0.400167 0.300279 0.599749
378 409 0.398748 0.201488 -1.80011 -0.400562 0.299648 0.599801
373 384 0.399847 0.199742 -2.00006 -0.399986 0.29951 0.600254
93 -11 0.899843 -0.800021 -1.60008 -0.400385 0.299674 0.599906
131 20 0.899789 -0.800953 -1.79968 -0.399868 0.300094 0.600041
159 50 0.89762 -0.800352 -2.00093 -0.400202 0.300107 0.599812
115 224 0.899785 -0.300237 -1.60008 -0.400094 0.299772 0.600051
153 225 0.899787 -0.303128 -1.79958 -0.400382 0.298969 0.60026
176 226 0.89916 -0.299972 -2.00038 -0.400543 0.300273 0.599501
140 466 0.900141 0.199728 -1.59995 -0.399506 0.300556 0.600051
169 429 0.900454 0.199971 -1.79978 -0.399154 0.299709 0.600708
194 400 0.900728 0.200451 -1.99963 -0.399962 0.299667 0.600192
578 -68 -0.498361 -0.1992 -1.60061 0.000806427 -0.29982 0.600089
542 -23 -0.500188 -0.200245 -1.79992 -0.000301551 -0.299483 0.600258
515 9 -0.500094 -0.199783 -2 1.48474e-006 -0.300321 0.59984
606 174 -0.501265 0.299304 -1.59973 -0.000530035 -0.299638 0.600181
565 185 -0.500093 0.300149 -1.79995 0.000853132 -0.29941 0.600294
533 190 -0.500612 0.301532 -1.99962 1.84651e-005 -0.299846 0.600077
632 421 -0.501064 0.798599 -1.60037 -2.20169e-005 -0.300033 0.599983
588 390 -0.499534 0.800154 -1.80006 0.000388857 -0.299662 0.600169
555 369 -0.499669 0.800214 -2 -0.000656709 -0.300403 0.599798
335 -42 -0.000381818 -0.200402 -1.59995 -4.57778e-005 -0.299845 0.600078
335 0 -0.00195981 -0.201612 -1.79982 -3.16743e-005 -0.30093 0.599534
336 31 -0.000514893 -0.1999 -2.00001 1.29193e-005 -0.300038 0.599981
359 200 0.000158189 0.300028 -1.59999 -2.18899e-005 -0.300034 0.599983
354 206 0.00146369 0.299658 -1.80006 0.00042231 -0.300424 0.599788
356 207 -0.000677191 0.300499 -1.99993 0.000410645 -0.300413 0.599793
380 444 3.85688e-005 0.800262 -1.59987 -0.000190607 -0.299902 0.600049
374 408 0.000475352 0.798501 -1.80067 -0.000224619 -0.299912 0.600044
374 386 -0.00256182 0.80097 -1.99961 -0.00063817 -0.300296 0.599852
93 -12 0.499932 -0.199664 -1.60006 -0.000210141 -0.29993 0.600035
132 23 0.499978 -0.201214 -1.79987 -0.000161281 -0.299926 0.600037
159 49 0.50013 -0.200225 -1.99994 -0.000193935 -0.299194 0.600402
118 223 0.49994 0.3012 -1.59979 0.000321509 -0.300072 0.599964
152 226 0.4999 0.299929 -1.80004 0.000226339 -0.299775 0.600113
179 224 0.499606 0.300871 -1.99997 -8.43722e-005 -0.299932 0.600034
140 467 0.499721 0.800719 -1.59973 0.000419063 -0.300009 0.599995
171 427 0.500236 0.798762 -1.80048 -0.000616472 -0.299713 0.600143
196 400 0.499816 0.799172 -2.00038 -5.89569e-005 -0.29999 0.600005
578 -69 -0.499781 -0.500565 -1.59989 -0.000116315 0.000112346 0.6
543 -23 -0.499963 -0.499648 -1.80011 -1.06536e-005 -3.44495e-006 0.6
517 10 -0.501604 -0.498096 -2.00007 -0.000273944 0.000508959 0.6
604 173 -0.500393 -0.000207766 -1.59988 -1.36796e-005 -0.000453693 0.6
562 183 -0.499824 0.00109349 -1.80005 -0.000288242 0.000605192 0.6
532 189 -0.498974 -0.00291356 -2.00025 -7.08933e-005 -0.000462936 0.6
631 423 -0.500306 0.500056 -1.59989 -0.000329551 -0.000295433 0.6
586 391 -0.499039 0.501116 -1.79996 0.000428385 -0.000154283 0.6
551 370 -0.500014 0.497399 -2.00064 0.000161371 -0.000311123 0.6
333 -41 0.00096479 -0.49889 -1.60035 -6.41509e-005 -1.58355e-005 0.6
337 -2 0.000209859 -0.500819 -1.79977 -0.000359871 0.000719427 0.599999
337 28 1.70108e-005 -0.500017 -2 0.000383223 0.00026186 0.6
358 200 -5.74988e-006 -0.0002646 -1.6 -0.000527972 -0.000248149 0.6
353 204 -0.00102029 0.00195262 -1.8 1.44056e-005 -8.5579e-005 0.6
355 205 0.0015036 -0.00187118 -2 0.0003754 -0.000405073 0.6
381 444 0.00066921 0.499659 -1.60011 -9.69348e-006 0.000128533 0.6
375 410 0.000801464 0.498022 -1.80055 -0.000437145 -0.000533011 0.6
371 385 -0.000759321 0.498015 -2.0005 0.000160607 0.000432949 0.6
93 -14 0.500591 -0.501271 -1.59942 0.000128663 -0.000559345 0.6
133 24 0.499282 -0.499953 -1.80021 -9.94865e-005 0.00051999 0.6
159 49 0.499862 -0.499925 -2.00005 0.000453531 -0.000721501 0.599999
117 225 0.500858 0.000701223 -1.59973 -0.000427883 -0.000219247 0.6
154 226 0.500857 0.00115218 -1.79976 0.000132849 0.000114505 0.6
175 227 0.499719 -0.0024643 -2.00007 0.000140759 -0.000559474 0.6
141 464 0.499994 0.499997 -1.6 -0.000652505 0.000487374 0.599999
173 429 0.499747 0.500273 -1.79999 -0.000345559 2.74435e-005 0.6
194 400 0.499975 0.498454 -2.00039 -1.2567e-005 -0.000259101 0.6
580 -69 -0.500588 -0.800632 -1.5995 0.000207349 0.300691 0.599654
544 -25 -0.50054 -0.800007 -1.79985 -0.000280712 0.30004 0.59998
516 10 -0.500013 -0.798981 -2.0004 -1.39948e-005 0.299882 0.600059
605 175 -0.498663 -0.299483 -1.60051 -1.03656e-005 0.300033 0.599983
565 185 -0.500994 -0.300782 -1.79959 0.00100337 0.300246 0.599876
533 191 -0.499998 -0.299999 -2 -0.000190822 0.299802 0.600099
630 423 -0.500034 0.199947 -1.6 0.000234218 0.299952 0.600024
586 392 -0.499185 0.201985 -1.8 0.000485798 0.300109 0.599945
553 369 -0.499135 0.196943 -2.00052 9.67293e-005 0.300052 0.599974
335 -41 9.38375e-005 -0.800307 -1.59985 -0.000100502 0.300489 0.599755
337 -1 0.000174446 -0.800447 -1.7998 0.000452811 0.299999 0.600001
338 28 0.000212725 -0.7983 -2.00068 0.000199668 0.299738 0.600131
359 200 0.000597917 -0.300504 -1.59991 0.000266792 0.299652 0.600174
353 203 -0.000392442 -0.30293 -1.79951 -0.000225763 0.300121 0.599939
354 207 -1.35818e-005 -0.300033 -2 0.000739948 0.299714 0.600143
384 444 8.38336e-005 0.199584 -1.60005 0.000298463 0.299979 0.600011
378 409 -0.00117629 0.201238 -1.79986 -0.000108379 0.299856 0.600072
370 384 0.00188472 0.201354 -1.99986 -0.000591029 0.300031 0.599984
96 -12 0.499814 -0.80022 -1.59995 -0.000209706 0.299416 0.600291
133 20 0.499822 -0.800191 -1.79996 -0.000606703 0.299396 0.600301
160 48 0.499314 -0.797467 -2.00118 -0.000453705 0.300081 0.599959
115 226 0.500906 -0.300862 -1.59955 1.12323e-005 0.300015 0.599992
152 224 0.499404 -0.29799 -1.8005 -0.000203798 0.300334 0.599833
177 226 0.49939 -0.29905 -2.00029 -0.000602636 0.300735 0.599631
141 465 0.499053 0.198353 -1.6005 -0.000263194 0.300151 0.599925
169 428 0.500598 0.198722 -1.79998 -0.000421889 0.299909 0.600045
196 403 0.500136 0.20015 -1.99995 4.41557e-005 0.299976 0.600012
577 -69 -0.899774 -0.202702 -1.59979 0.399843 -0.299783 0.600213
544 -22 -0.899828 -0.200345 -1.80005 0.400092 -0.300637 0.599619
516 12 -0.900573 -0.200209 -1.99972 0.400255 -0.299876 0.599892
604 175 -0.899943 0.30101 -1.59984 0.399466 -0.2998 0.600456
562 183 -0.900158 0.300067 -1.79991 0.400378 -0.300055 0.59972
532 188 -0.900014 0.297829 -2.00032 0.400017 -0.300555 0.599711
632 423 -0.901929 0.798561 -1.59963 0.399032 -0.300476 0.600406
585 391 -0.901032 0.801005 -1.79904 0.399525 -0.299061 0.600785
553 368 -0.898833 0.800123 -2.00048 0.400052 -0.300548 0.599691
332 -40 -0.399901 -0.200694 -1.59994 0.399666 -0.299662 0.600391
335 0 -0.401536 -0.200033 -1.79965 0.399279 -0.2995 0.600729
335 28 -0.399551 -0.19998 -2.00009 0.399396 -0.299235 0.600784
356 198 -0.400121 0.299787 -1.60001 0.400731 -0.299315 0.599854
357 204 -0.399926 0.299674 -1.80007 0.399985 -0.300275 0.599872
353 206 -0.398578 0.300566 -2.0002 0.399754 -0.300422 0.599953
380 444 -0.398795 0.80207 -1.59926 0.400691 -0.2999 0.599589
378 411 -0.399995 0.800507 -1.79978 0.400208 -0.300024 0.599849
372 388 -0.40061 0.7996 -2.00004 0.399386 -0.300388 0.600215
94 -14 0.0978441 -0.199651 -1.60018 0.399901 -0.299639 0.600246
131 22 0.10184 -0.198756 -1.80003 0.399982 -0.300035 0.599994
161 50 0.0977915 -0.19942 -2.00017 0.39994 -0.30016 0.59996
117 226 0.102189 0.298936 -1.60006 0.400083 -0.299714 0.600088
150 222 0.100004 0.299638 -1.80006 0.399673 -0.300087 0.600174
176 225 0.0998505 0.300298 -1.99996 0.400041 -0.300183 0.599881
140 467 0.100009 0.799828 -1.60009 0.39993 -0.300221 0.599936
172 427 0.101091 0.800194 -1.79985 0.400013 -0.299985 0.599999
193 400 0.0988167 0.801366 -1.99951 0.399717 -0.300267 0.600055
577 -71 -0.899678 -0.500682 -1.59997 0.400667 0.000150166 0.599555
544 -23 -0.899891 -0.500065 -1.80004 0.399895 -3.09214e-005 0.60007
515 11 -0.897852 -0.500931 -2.00073 0.400156 -0.000272486 0.599896
602 176 -0.899729 -0.00145721 -1.60015 0.399662 -6.13698e-005 0.600226
563 183 -0.899412 -0.00040421 -1.80029 0.400005 -6.25286e-005 0.599997
533 188 -0.899079 -0.00257022 -2.00041 0.400436 -0.000582728 0.599709
630 425 -0.901233 0.501083 -1.59897 0.400001 -2.89546e-006 0.599999
585 391 -0.899554 0.501077 -1.79992 0.400315 0.00032667 0.59979
552 371 -0.900867 0.500686 -1.99944 0.39995 0.000669732 0.600033
331 -40 -0.400262 -0.500386 -1.59981 0.400005 0.00024621 0.599997
333 2 -0.401202 -0.498326 -1.8002 0.399959 0.000188839 0.600027
334 29 -0.399706 -0.497015 -2.0008 0.400099 1.16371e-005 0.599934
359 198 -0.400643 -0.000134431 -1.59984 0.399999 0.000740883 0.6
354 203 -0.398353 -0.000315251 -1.80037 0.400442 -0.000924242 0.599705
356 209 -0.401495 4.45773e-005 -1.9997 0.39977 -6.47019e-005 0.600153
384 444 -0.398994 0.498815 -1.60062 0.40038 0.000483799 0.599746
376 411 -0.399788 0.498738 -1.8004 0.399942 -0.000141384 0.600039
372 387 -0.399504 0.50038 -2 0.400252 -7.50773e-005 0.599832
95 -14 0.100178 -0.500128 -1.59995 0.399721 0.000466648 0.600186
131 24 0.0982668 -0.499405 -1.80026 0.399867 0.000852889 0.600088
161 50 0.1005 -0.499547 -2.00009 0.400011 -3.98914e-006 0.599992
115 225 0.101574 0.000604076 -1.5999 0.400253 0.000425127 0.599831
151 222 0.0983597 0.00209127 -1.80009 0.400007 5.74311e-005 0.599995
177 224 0.0998814 0.0011545 -2.00001 0.399573 -0.000721014 0.600284
139 465 0.100831 0.50233 -1.59922 0.400024 -8.66243e-005 0.599984
169 429 0.0999615 0.500105 -1.79997 0.399926 0.000144564 0.600049
194 404 0.0994482 0.501529 -1.99964 0.399995 4.84558e-005 0.600004
579 -69 -0.899716 -0.801001 -1.59966 0.400294 0.299159 0.600223
542 -23 -0.898989 -0.799879 -1.80056 0.400094 0.299774 0.60005
513 9 -0.900152 -0.800148 -1.99987 0.400141 0.299301 0.600255
606 176 -0.899672 -0.29907 -1.60036 0.400033 0.299858 0.600049
566 183 -0.900496 -0.301064 -1.79957 0.400788 0.300061 0.599443
532 189 -0.900114 -0.299164 -2.00007 0.399163 0.300231 0.600442
630 423 -0.89901 0.199672 -1.6006 0.400079 0.300156 0.599869
588 392 -0.899652 0.200825 -1.80008 0.400204 0.299466 0.600131
551 369 -0.899977 0.200085 -2 0.400098 0.300091 0.599889
333 -41 -0.401847 -0.798742 -1.60017 0.399789 0.299927 0.600178
337 0 -0.39986 -0.80036 -1.79987 0.400469 0.300149 0.599612
338 27 -0.400297 -0.801242 -1.99944 0.400063 0.300206 0.599855
357 199 -0.399101 -0.300651 -1.6001 0.399506 0.299948 0.600355
354 203 -0.400681 -0.30077 -1.79972 0.400142 0.299465 0.600172
353 209 -0.399529 -0.300272 -2.00005 0.399618 0.300002 0.600253
381 443 -0.400537 0.200556 -1.5998 0.399821 0.299814 0.600213
377 408 -0.400185 0.200254 -1.79993 0.400346 0.299929 0.599805
374 386 -0.399081 0.200186 -2.00016 0.399798 0.300407 0.599931
96 -15 0.0999988 -0.799975 -1.60001 0.399963 0.300104 0.599973
134 21 0.100344 -0.800445 -1.79978 0.39989 0.300086 0.600031
159 50 0.100275 -0.800043 -1.99997 0.400018 0.299727 0.600124
115 223 0.0994486 -0.299513 -1.60013 0.399515 0.300238 0.600204
152 224 0.100083 -0.298576 -1.80023 0.400124 0.30005 0.599892
175 227 0.0972101 -0.300805 -2.00002 0.400193 0.29978 0.599981
140 464 0.0998089 0.199927 -1.60002 0.399686 0.299956 0.600231
173 431 0.101485 0.199213 -1.8 0.399868 0.2998 0.600188
194 402 0.0995999 0.200388 -1.99998 0.400659 0.300073 0.599523
578 -69 -0.100761 -0.199088 -1.90006 -0.400714 -0.299706 0.899781
540 -25 -0.0992076 -0.199783 -2.10006 -0.399803 -0.300024 0.90008
514 10 -0.0995191 -0.203702 -2.2997 -0.40024 -0.299675 0.900002
604 174 -0.0993032 0.300951 -1.89989 -0.399814 -0.301291 0.899651
566 184 -0.0994603 0.301494 -2.09981 -0.399612 -0.30044 0.900026
534 189 -0.099744 0.301717 -2.29979 -0.400595 -0.300165 0.89968
630 423 -0.101545 0.802336 -1.89893 -0.399917 -0.300442 0.89989
584 393 -0.101679 0.800851 -2.0996 -0.401078 -0.300992 0.899189
553 371 -0.102677 0.801386 -2.2994 -0.400579 -0.299142 0.900028
331 -39 0.40107 -0.202556 -1.8995 -0.399878 -0.300425 0.899912
337 0 0.400344 -0.200187 -2.09992 -0.399809 -0.300385 0.899957
338 31 0.398756 -0.19818 -2.30037 -0.400842 -0.298708 0.900055
356 199 0.399634 0.300807 -1.89995 -0.40027 -0.29932 0.900106
355 204 0.401256 0.300039 -2.09975 -0.399877 -0.301185 0.899659
356 207 0.39971 0.301001 -2.29992 -0.399688 -0.300154 0.900087
381 442 0.400748 0.799929 -1.89987 -0.3996 -0.300245 0.900096
375 411 0.400635 0.801875 -2.09916 -0.400909 -0.299407 0.899793
373 384 0.400324 0.800893 -2.29963 -0.400546 -0.29969 0.89986
95 -14 0.900747 -0.200125 -1.89963 -0.399222 -0.299791 0.900415
135 22 0.899364 -0.19801 -2.10046 -0.400032 -0.299851 0.900035
161 50 0.899227 -0.199249 -2.30037 -0.39982 -0.30116 0.899692
118 225 0.898958 0.300289 -1.90045 -0.399439 -0.300089 0.900219
151 223 0.899698 0.30017 -2.10011 -0.400581 -0.299548 0.899892
177 224 0.900026 0.299899 -2.3 -0.400462 -0.299743 0.89988
141 465 0.898417 0.801647 -1.90005 -0.400348 -0.299583 0.899984
171 428 0.903149 0.798855 -2.09908 -0.400221 -0.300203 0.899834
194 402 0.897236 0.798983 -2.30143 -0.400044 -0.300213 0.899909
580 -69 -0.0988553 -0.497772 -1.90064 -0.399252 -0.000199073 0.900332
542 -21 -0.101862 -0.498307 -2.10031 -0.400342 0.000121 0.899848
517 11 -0.098774 -0.5014 -2.29975 -0.399833 0.000907624 0.900074
606 174 -0.101416 -0.000290646 -1.89992 -0.400176 -0.000128818 0.899922
562 181 -0.098764 -0.00152603 -2.10006 -0.400048 -9.59432e-005 0.899979
533 190 -0.099743 -0.00210043 -2.30001 -0.400022 -0.000239215 0.89999
628 422 -0.100638 0.500086 -1.89994 -0.399926 -0.000411762 0.900033
584 392 -0.0969604 0.498079 -2.1006 -0.400011 -4.82156e-006 0.899995
554 369 -0.100087 0.499857 -2.30003 -0.399986 -2.49149e-005 0.900006
331 -39 0.40023 -0.50247 -1.8993 -0.399997 -0.00023848 0.900001
334 2 0.399998 -0.500229 -2.09995 -0.39943 -0.000468217 0.900253
336 27 0.40229 -0.500586 -2.29947 -0.400446 0.00119961 0.899801
357 202 0.399452 0.000412663 -1.90012 -0.400117 0.00016937 0.899948
354 203 0.400159 0.000421524 -2.09997 -0.399921 -0.000257992 0.900035
352 208 0.398424 0.0017929 -2.30027 -0.400285 2.59902e-005 0.899873
384 444 0.399551 0.499718 -1.90017 -0.400315 6.13451e-005 0.89986
377 412 0.399422 0.502334 -2.09955 -0.400387 0.000324889 0.899828
372 386 0.402615 0.500477 -2.29944 -0.40101 0.00064386 0.89955
97 -15 0.899826 -0.500046 -1.90007 -0.399826 0.000336387 0.900077
134 22 0.899708 -0.500047 -2.10011 -0.399161 -4.45309e-005 0.900373
161 49 0.899074 -0.503586 -2.29958 -0.399912 -6.30102e-005 0.900039
118 225 0.900139 -0.000172482 -1.89993 -0.399935 -0.000926277 0.900029
153 225 0.901672 0.00271638 -2.09928 -0.39972 -0.000143103 0.900124
176 225 0.900307 0.00093183 -2.29988 -0.399979 -0.00128392 0.900008
139 467 0.898833 0.500573 -1.9004 -0.399996 1.21605e-005 0.900002
173 431 0.901133 0.501035 -2.09927 -0.399854 -0.000325646 0.900065
194 401 0.899789 0.50033 -2.30001 -0.400836 0.00124186 0.899627
578 -68 -0.0994945 -0.802773 -1.89886 -0.400402 0.299338 0.900042
541 -23 -0.103177 -0.798859 -2.10028 -0.39866 0.299743 0.90068
514 12 -0.0991173 -0.800656 -2.29981 -0.399509 0.301188 0.899821
603 175 -0.100409 -0.29994 -1.89999 -0.400151 0.300046 0.899917
564 183 -0.100431 -0.299685 -2.10002 -0.399999 0.3 0.9
533 191 -0.0975544 -0.297023 -2.30049 -0.399576 0.299245 0.90044
628 425 -0.100204 0.200209 -1.89997 -0.399948 0.300357 0.899904
584 392 -0.0994792 0.199699 -2.10005 -0.399883 0.299329 0.900275
554 370 -0.100551 0.198869 -2.30007 -0.399683 0.298794 0.900542
332 -40 0.400336 -0.80066 -1.89965 -0.400149 0.299886 0.899972
337 0 0.399572 -0.799846 -2.10014 -0.399601 0.298713 0.900605
336 29 0.402304 -0.798123 -2.30025 -0.398899 0.29991 0.900518
355 198 0.398079 -0.301175 -1.90022 -0.399536 0.300207 0.900137
353 203 0.399853 -0.300074 -2.10002 -0.40014 0.300039 0.899925
353 207 0.399991 -0.300386 -2.29995 -0.400254 0.301367 0.89943
381 444 0.400236 0.19977 -1.89997 -0.400039 0.299346 0.9002
378 411 0.3991 0.200525 -2.10012 -0.400097 0.300091 0.899927
374 386 0.399383 0.201832 -2.29995 -0.399164 0.299173 0.900646
97 -15 0.898219 -0.801255 -1.90031 -0.399991 0.300466 0.899849
134 23 0.900399 -0.800315 -2.09971 -0.400293 0.300216 0.899798
160 48 0.900531 -0.799694 -2.2999 -0.400179 0.30027 0.89983
115 224 0.899739 -0.300712 -1.90001 -0.39996 0.300565 0.899829
150 223 0.899848 -0.299737 -2.1001 -0.39916 0.299936 0.900394
175 226 0.900247 -0.29925 -2.3 -0.399975 0.299725 0.900102
138 466 0.900357 0.199388 -1.8999 -0.400035 0.299951 0.900001
173 429 0.902763 0.200227 -2.09879 -0.399625 0.300421 0.900026
194 402 0.899588 0.199444 -2.30021 -0.399732 0.299926 0.900144
576 -69 -0.500423 -0.20035 -1.89985 -3.25773e-006 -0.300206 0.899931
542 -22 -0.498912 -0.200964 -2.10017 -0.000161891 -0.299385 0.900205
513 12 -0.500555 -0.201053 -2.29979 -0.000402268 -0.300096 0.899968
606 176 -0.498341 0.302379 -1.90006 -0.000109844 -0.299957 0.900014
562 181 -0.501181 0.299238 -2.09983 -0.000333325 -0.30046 0.899846
532 190 -0.500013 0.299866 -2.30001 4.67625e-005 -0.298957 0.900347
630 423 -0.500333 0.800394 -1.89975 2.64368e-005 -0.300004 0.899999
586 392 -0.500161 0.799547 -2.10013 5.32169e-005 -0.299095 0.900301
552 369 -0.498236 0.798718 -2.30083 0.000450219 -0.299915 0.900028
332 -42 -0.000958043 -0.199871 -1.90001 -1.6945e-005 -0.300238 0.89992
336 2 0.00218682 -0.200367 -2.09996 0.000351156 -0.300214 0.899929
336 29 2.87611e-005 -0.20016 -2.29999 0.000421959 -0.30023 0.899923
356 200 -0.000308889 0.299535 -1.90007 -3.43117e-005 -0.300594 0.899802
355 205 0.000440004 0.300269 -2.09996 0.000526028 -0.299238 0.900253
352 206 0.000424644 0.300355 -2.29995 -0.000517973 -0.29972 0.900093
381 444 -4.75011e-005 0.799986 -1.90001 -5.96492e-007 -0.299995 0.900002
377 409 -0.00173479 0.800242 -2.09991 -0.00021418 -0.299752 0.900083
370 384 -0.000407477 0.800032 -2.29999 -0.000111671 -0.298927 0.900357
96 -11 0.499665 -0.199611 -1.90013 0.00010914 -0.299629 0.900123
132 22 0.500049 -0.200225 -2.09997 9.62836e-005 -0.299828 0.900057
161 51 0.499755 -0.200807 -2.29998 -0.000606224 -0.299953 0.900015
117 223 0.49987 0.299848 -1.90006 -0.00065163 -0.299583 0.900139
151 226 0.500122 0.298054 -2.10025 -3.78566e-006 -0.299523 0.900159
178 225 0.49682 0.300793 -2.30059 -0.00127505 -0.299872 0.900042
140 465 0.499569 0.800405 -1.89994 -0.000253067 -0.299515 0.900161
173 429 0.501291 0.800716 -2.09942 -0.000577436 -0.300332 0.899889
195 401 0.499614 0.799842 -2.30014 -0.00092556 -0.299915 0.900028
579 -68 -0.498702 -0.499927 -1.90036 -5.39871e-005 -0.000437622 0.9
543 -23 -0.497602 -0.501618 -2.10018 -5.87256e-005 -0.00112325 0.899999
516 11 -0.500572 -0.500328 -2.2998 0.000899649 0.000375198 0.899999
604 176 -0.498933 -0.000180353 -1.90028 -1.49569e-006 -0.000218581 0.9
565 185 -0.499993 5.45253e-006 -2.1 -1.18419e-005 -0.000255234 0.9
534 189 -0.49994 -0.000383457 -2.30001 0.000140322 -0.000583721 0.9
630 423 -0.499631 0.499979 -1.9001 0.000150078 0.000451638 0.9
587 391 -0.500076 0.500776 -2.0998 0.000206379 0.000115008 0.9
553 369 -0.500835 0.500063 -2.2998 0.000723441 -0.000468866 0.9
333 -43 0.000829548 -0.498506 -1.90039 -7.00992e-005 0.000150862 0.9
336 1 -0.00181965 -0.498475 -2.10036 0.00100143 -0.000179582 0.899999
338 31 -2.03474e-005 -0.500002 -2.3 3.00464e-005 0.000623111 0.9
355 200 -0.000135479 0.000147207 -1.9 -0.000357763 -0.000102806 0.9
357 204 -0.000863759 0.00301532 -2.1 0.000396571 0.000299993 0.9
352 209 -0.000232009 -0.000116494 -2.3 -0.000234083 -0.000811229 0.9
380 444 0.00208307 0.499893 -1.90003 6.03482e-005 -3.8572e-005 0.9
377 408 0.00122102 0.497383 -2.10062 0.000616654 0.000669494 0.899999
373 387 0.000256726 0.502657 -2.29942 -0.000331942 -0.000879527 0.899999
95 -15 0.500172 -0.500369 -1.89986 -3.3686e-006 -9.46993e-005 0.9
133 21 0.500292 -0.499321 -2.10009 0.000623559 -0.000139301 0.9
161 49 0.500032 -0.500374 -2.29991 0.000146161 0.000373393 0.9
118 224 0.499315 0.000547653 -1.90018 0.000618255 0.000120848 0.9
151 225 0.499238 -0.000612147 -2.10018 0.000394545 -0.000420476 0.9
178 227 0.500002 0.00186853 -2.3 0.000279253 0.000262045 0.9
140 463 0.500143 0.499021 -1.90022 -5.71811e-005 -0.000544688 0.9
170 429 0.500182 0.500782 -2.09977 0.000538491 -9.69495e-005 0.9
194 400 0.499544 0.499581 -2.30019 2.93027e-005 -0.000893291 0.9
578 -71 -0.499884 -0.799978 -1.90004 -0.000399272 0.299932 0.900022
542 -23 -0.501841 -0.79753 -2.1005 -0.000164865 0.300435 0.899855
514 12 -0.500186 -0.802761 -2.299 -9.90498e-005 0.299502 0.900166
603 175 -0.498042 -0.300233 -1.90048 0.000386401 0.300731 0.899756
563 183 -0.499752 -0.299799 -2.10009 0.00011703 0.299857 0.900048
535 191 -0.49885 -0.300071 -2.30024 -0.000545389 0.299898 0.900034
628 423 -0.497928 0.199581 -1.90059 -0.000485814 0.300302 0.899899
585 392 -0.500022 0.19736 -2.10024 -0.000983108 0.299513 0.900162
552 369 -0.500925 0.197749 -2.29999 0.000394794 0.299578 0.90014
333 -41 -0.00084427 -0.799879 -1.90005 -0.000602796 0.300916 0.899694
334 2 0.00233428 -0.800591 -2.09977 0.000162849 0.299873 0.900042
336 28 -0.00092041 -0.800722 -2.29975 0.000338936 0.299634 0.900122
357 199 -0.000188999 -0.300172 -1.89997 -4.65361e-005 0.299815 0.900062
355 206 0.00139557 -0.301079 -2.09985 0.000591752 0.299641 0.900119
355 207 -0.000387152 -0.300619 -2.29992 -0.000151181 0.299836 0.900055
382 444 -0.000289611 0.196789 -1.90034 -0.000120002 0.300021 0.899993
374 408 0.000680325 0.199888 -2.10001 0.00097876 0.300251 0.899916
372 384 -0.000655148 0.200564 -2.29995 0.000252926 0.300567 0.899811
93 -15 0.500511 -0.801445 -1.89926 -0.00013502 0.300511 0.89983
131 23 0.501043 -0.797168 -2.10083 -9.35992e-006 0.30002 0.899993
162 50 0.500206 -0.799991 -2.29996 -0.000152625 0.300801 0.899732
119 225 0.500117 -0.300502 -1.89989 -3.53666e-005 0.30012 0.89996
152 225 0.499841 -0.297005 -2.10046 -0.000566108 0.300264 0.899912
179 224 0.500061 -0.300007 -2.29999 -6.16797e-005 0.299982 0.900006
142 464 0.499804 0.198974 -1.90016 -0.000503912 0.30005 0.899983
173 429 0.501297 0.200455 -2.09965 0.000606778 0.300926 0.899691
195 401 0.499974 0.197937 -2.30018 -9.25244e-005 0.300761 0.899746
580 -68 -0.899345 -0.201015 -1.9002 0.399851 -0.30015 0.900016
541 -24 -0.89801 -0.199871 -2.10086 0.400121 -0.299842 0.899999
516 10 -0.901286 -0.200491 -2.29945 0.400008 -0.299997 0.899997
604 173 -0.899107 0.298988 -1.90058 0.400332 -0.299377 0.90006
566 185 -0.900423 0.299924 -2.09983 0.400385 -0.30047 0.899672
535 189 -0.899144 0.296577 -2.30078 0.400541 -0.300478 0.8996
632 423 -0.900245 0.799639 -1.90004 0.40116 -0.298782 0.899889
584 390 -0.899981 0.799997 -2.10001 0.399464 -0.300665 0.900016
551 368 -0.897935 0.802751 -2.29985 0.399874 -0.29996 0.900069
333 -42 -0.399922 -0.199168 -1.9001 0.400108 -0.299882 0.899991
335 -2 -0.398415 -0.199502 -2.10035 0.400336 -0.299338 0.900071
335 29 -0.401132 -0.201161 -2.2997 0.399595 -0.300296 0.900081
357 199 -0.400508 0.300263 -1.89985 0.400705 -0.300414 0.899548
355 206 -0.397982 0.299215 -2.1005 0.399617 -0.299949 0.900187
355 207 -0.400042 0.29878 -2.30015 0.399551 -0.300939 0.899886
382 444 -0.399749 0.799648 -1.9002 0.40066 -0.301313 0.899267
375 412 -0.399175 0.798993 -2.10054 0.399637 -0.301364 0.899705
370 388 -0.398231 0.803097 -2.29923 0.400311 -0.299738 0.899949
94 -13 0.100856 -0.199907 -1.89996 0.399512 -0.300003 0.900216
132 22 0.100112 -0.199959 -2.1 0.399793 -0.300359 0.899972
159 50 0.0974108 -0.19962 -2.30014 0.399578 -0.299241 0.90044
119 225 0.0981786 0.300654 -1.89999 0.399581 -0.300445 0.900037
154 223 0.0995344 0.300805 -2.09991 0.400602 -0.299948 0.899749
175 223 0.102065 0.302206 -2.29962 0.400074 -0.299531 0.900123
140 465 0.0994224 0.799355 -1.9003 0.3993 -0.299093 0.900612
172 431 0.0991699 0.798611 -2.10057 0.399875 -0.300205 0.899987
193 403 0.0992893 0.800181 -2.29997 0.399887 -0.299818 0.900111
578 -70 -0.898916 -0.50083 -1.90029 0.400241 0.0011719 0.899892
542 -25 -0.900105 -0.499747 -2.10002 0.399487 -0.000301277 0.900228
514 12 -0.899724 -0.50041 -2.30002 0.399251 0.000799223 0.900332
604 176 -0.90098 0.00203264 -1.89953 0.399887 -0.000278207 0.90005
564 184 -0.898838 0.000505472 -2.1005 0.400341 -0.000210077 0.899848
533 187 -0.899645 -0.000621814 -2.30014 0.400025 -3.62348e-005 0.899989
630 422 -0.899437 0.500749 -1.90007 0.399877 -0.000372273 0.900055
586 393 -0.899723 0.499522 -2.10023 0.400036 -2.88347e-005 0.899984
553 368 -0.899691 0.49949 -2.30023 0.399405 0.000195083 0.900264
331 -41 -0.400177 -0.501449 -1.89958 0.401011 9.7163e-005 0.89955
335 1 -0.400228 -0.499983 -2.09996 0.400345 0.000822084 0.899846
337 29 -0.399395 -0.500221 -2.30006 0.399789 -0.000186992 0.900094
357 198 -0.401015 -0.000325059 -1.89979 0.399782 8.0159e-006 0.900097
357 202 -0.400084 -0.000262579 -2.09998 0.400139 -0.000573376 0.899938
354 209 -0.400317 -0.000181781 -2.29994 0.399984 -5.74503e-005 0.900007
382 442 -0.400099 0.499714 -1.90005 0.4 -2.9842e-006 0.9
376 410 -0.399143 0.498603 -2.1005 0.399897 2.41898e-005 0.900046
374 384 -0.399184 0.499009 -2.30036 0.399959 -9.872e-005 0.900018
93 -14 0.101427 -0.498104 -1.90042 0.400332 0.00150003 0.899851
135 24 0.0997609 -0.498274 -2.10042 0.399517 -0.000250119 0.900214
161 51 0.100154 -0.500093 -2.29997 0.400017 -6.69865e-006 0.899992
115 226 0.100642 -0.000341081 -1.89997 0.398764 0.000271741 0.900548
154 224 0.100831 0.000245803 -2.09996 0.400661 -0.00102276 0.899705
175 224 0.0998272 0.000472025 -2.30001 0.400018 -0.000242394 0.899992
142 463 0.101303 0.500325 -1.89985 0.399916 0.000217134 0.900037
173 431 0.099612 0.498333 -2.10041 0.399969 7.0415e-005 0.900014
194 403 0.0990401 0.498119 -2.30045 0.400028 0.000257528 0.899987
578 -71 -0.899447 -0.799361 -1.90053 0.400007 0.299909 0.900028
544 -25 -0.899045 -0.800156 -2.10035 0.39901 0.300861 0.900152
517 11 -0.903793 -0.800662 -2.29828 0.40112 0.299621 0.899627
603 174 -0.900058 -0.299913 -1.89999 0.400402 0.299026 0.900145
564 185 -0.898506 -0.298313 -2.10088 0.399776 0.300784 0.899837
536 190 -0.899705 -0.300329 -2.30007 0.400019 0.299963 0.900004
631 425 -0.899659 0.200248 -1.90014 0.400461 0.300354 0.899677
586 390 -0.899727 0.19934 -2.10018 0.400633 0.299324 0.899943
552 370 -0.897727 0.200291 -2.30086 0.399649 0.299018 0.900483
334 -42 -0.399752 -0.799747 -1.90016 0.400115 0.300248 0.899866
333 2 -0.400647 -0.800443 -2.09971 0.400911 0.299257 0.899842
335 30 -0.400016 -0.800158 -2.29994 0.399428 0.301049 0.899904
357 198 -0.403064 -0.299825 -1.89938 0.399994 0.300026 0.899994
354 205 -0.400662 -0.299359 -2.09997 0.399563 0.299864 0.900239
356 207 -0.400138 -0.299789 -2.3 0.400474 0.300572 0.899598
382 444 -0.400715 0.199045 -1.89995 0.399397 0.298927 0.900625
374 408 -0.399711 0.201649 -2.0999 0.399178 0.301185 0.899969
370 385 -0.399858 0.200157 -2.30001 0.398619 0.300565 0.900424
95 -11 0.0997084 -0.80195 -1.89919 0.399708 0.299822 0.900189
133 20 0.101273 -0.799843 -2.1 0.400718 0.299817 0.899742
161 49 0.0994036 -0.798633 -2.3005 0.400315 0.29984 0.899913
117 225 0.0997026 -0.30007 -1.9 0.399997 0.299997 0.900002
150 222 0.100361 -0.299874 -2.1 0.400548 0.299858 0.899804
177 224 0.100134 -0.301494 -2.2998 0.399847 0.300234 0.89999
142 465 0.10128 0.202614 -1.89966 0.399897 0.299469 0.900222
169 430 0.100378 0.201515 -2.09984 0.400012 0.299627 0.900119
192 404 0.100796 0.202557 -2.29974 0.400331 0.300465 0.899698
576 -71 -0.101437 -0.201641 -2.19978 -0.39981 -0.300592 1.19992
543 -23 -0.0999687 -0.200893 -2.39993 -0.399948 -0.300145 1.19998
517 9 -0.0999926 -0.19999 -2.6 -0.399592 -0.301242 1.19982
603 175 -0.101135 0.300668 -2.19986 -0.399094 -0.299352 1.20046
563 183 -0.101021 0.301362 -2.39979 -0.401354 -0.300409 1.19945
532 187 -0.0995056 0.297806 -2.60027 -0.400099 -0.3 1.19997
631 423 -0.0998152 0.797408 -2.20095 -0.39999 -0.299985 1.20001
588 391 -0.0996104 0.803306 -2.39891 -0.400028 -0.300084 1.19997
552 369 -0.099779 0.798141 -2.60058 -0.40099 -0.299139 1.19988
332 -40 0.397715 -0.201428 -2.20028 -0.399409 -0.300227 1.20014
334 2 0.399477 -0.203429 -2.3998 -0.399904 -0.300166 1.19999
336 29 0.400001 -0.199904 -2.60001 -0.400248 -0.299701 1.19999
356 198 0.400052 0.299922 -2.2 -0.40017 -0.299047 1.20018
355 206 0.400278 0.297807 -2.40023 -0.399836 -0.298485 1.20043
353 207 0.400351 0.300388 -2.5999 -0.399591 -0.29996 1.20015
382 443 0.398061 0.798331 -2.20096 -0.399995 -0.299977 1.20001
378 409 0.401139 0.800395 -2.39968 -0.399959 -0.300045 1.2
371 385 0.399335 0.800659 -2.5999 -0.39972 -0.300074 1.20008
97 -11 0.900281 -0.200011 -2.19988 -0.399885 -0.299941 1.20005
134 20 0.901645 -0.20029 -2.39936 -0.400042 -0.29831 1.20041
163 49 0.900089 -0.200044 -2.59997 -0.40072 -0.299758 1.19982
116 224 0.900028 0.299285 -2.20009 -0.400464 -0.299038 1.20009
152 223 0.901994 0.299727 -2.39929 -0.40068 -0.299804 1.19982
176 224 0.901041 0.304516 -2.59911 -0.399399 -0.302067 1.19968
141 465 0.900042 0.799434 -2.20019 -0.399085 -0.29934 1.20047
170 427 0.9006 0.802544 -2.39893 -0.399871 -0.301286 1.19972
192 400 0.903775 0.799451 -2.59886 -0.399224 -0.300195 1.20021
578 -70 -0.0968408 -0.499983 -2.20015 -0.400309 0.00139049 1.1999
542 -23 -0.100619 -0.499057 -2.40017 -0.400722 -0.00167327 1.19976
517 10 -0.0992806 -0.501665 -2.59971 -0.399842 -0.000922371 1.20005
604 176 -0.0984671 -0.000602073 -2.20007 -0.399533 0.000945737 1.20016
564 183 -0.09952 -0.000162071 -2.40002 -0.400294 0.000799571 1.1999
534 190 -0.100022 -6.20884e-005 -2.6 -0.399849 0.00174023 1.20005
631 425 -0.100183 0.503234 -2.19925 -0.400104 -0.000248309 1.19997
586 392 -0.100522 0.502364 -2.39948 -0.399909 4.03757e-005 1.20003
555 369 -0.0989482 0.500841 -2.59988 -0.399994 -8.41163e-006 1.2
335 -41 0.399443 -0.501721 -2.19971 -0.39931 -0.000814185 1.20023
337 1 0.399205 -0.49963 -2.40021 -0.399901 0.000569593 1.20003
337 29 0.397629 -0.500974 -2.60018 -0.398968 -0.000444437 1.20034
357 200 0.400098 0.00026084 -2.19998 -0.401901 0.000248369 1.19936
357 202 0.400131 0.00229448 -2.39998 -0.400507 -0.000921511 1.19983
354 209 0.400035 0.000856291 -2.59999 -0.40006 -0.00197793 1.19998
381 444 0.399907 0.499207 -2.2002 -0.399934 -0.000447156 1.20002
378 410 0.398328 0.50092 -2.40009 -0.400851 -0.000614011 1.19972
371 387 0.400111 0.499556 -2.60007 -0.400008 1.0038e-005 1.2
95 -15 0.900461 -0.499081 -2.20002 -0.399907 -0.000129395 1.20003
131 21 0.899962 -0.502234 -2.39955 -0.399448 0.000685819 1.20018
159 49 0.899963 -0.499862 -2.60004 -0.399964 -0.000714952 1.20001
117 224 0.899804 0.00110666 -2.20008 -0.399941 0.00174156 1.20002
152 222 0.900016 -0.000181162 -2.39999 -0.400017 0.00129688 1.19999
177 225 0.899951 0.000402085 -2.60002 -0.400305 0.000262994 1.1999
140 465 0.899259 0.502333 -2.19977 -0.400367 0.00159448 1.19988
173 427 0.90132 0.499844 -2.39954 -0.4007 -0.00047964 1.19977
193 403 0.901052 0.502683 -2.59912 -0.40062 -0.00095954 1.19979
578 -67 -0.100531 -0.798494 -2.20052 -0.401146 0.299415 1.19976
540 -23 -0.0998681 -0.799808 -2.40007 -0.399958 0.298956 1.20027
514 10 -0.0997321 -0.800771 -2.59977 -0.399379 0.300743 1.20002
602 173 -0.100858 -0.300092 -2.19995 -0.400001 0.299075 1.20023
566 185 -0.100101 -0.299928 -2.4 -0.399296 0.299695 1.20031
534 188 -0.0993489 -0.301564 -2.59984 -0.400195 0.298353 1.20035
631 424 -0.0982078 0.199002 -2.20017 -0.400001 0.299983 1.2
588 394 -0.100607 0.201074 -2.39988 -0.398864 0.300313 1.2003
551 369 -0.100276 0.200147 -2.59998 -0.400003 0.300007 1.2
333 -41 0.398957 -0.799473 -2.20038 -0.400193 0.300668 1.19977
336 0 0.400016 -0.800008 -2.39999 -0.400601 0.299628 1.19989
338 28 0.40066 -0.801561 -2.59942 -0.398727 0.298738 1.20074
358 201 0.402129 -0.299246 -2.19971 -0.399586 0.301187 1.19984
354 203 0.399507 -0.298999 -2.40021 -0.40108 0.300382 1.19954
355 209 0.396527 -0.298448 -2.60071 -0.399977 0.300045 1.2
381 446 0.400016 0.199989 -2.2 -0.400048 0.299898 1.20001
378 408 0.400553 0.199934 -2.39991 -0.400304 0.299527 1.20002
370 385 0.400784 0.198649 -2.59998 -0.400243 0.299882 1.19995
95 -11 0.898917 -0.801867 -2.19976 -0.400333 0.298069 1.20037
131 20 0.90032 -0.800223 -2.39981 -0.399426 0.300118 1.20016
159 50 0.899099 -0.799035 -2.60061 -0.399961 0.300035 1.2
116 223 0.899987 -0.30013 -2.19999 -0.400002 0.300115 1.19997
153 224 0.899855 -0.300149 -2.40004 -0.400724 0.299317 1.19993
175 225 0.901717 -0.300095 -2.59939 -0.400262 0.300336 1.19983
140 467 0.898246 0.201308 -2.2006 -0.399616 0.300119 1.2001
171 427 0.901227 0.199425 -2.39959 -0.399679 0.299175 1.20031
194 404 0.899585 0.197935 -2.6003 -0.400548 0.300572 1.19967
580 -67 -0.499925 -0.200246 -2.19999 0.00110259 -0.301055 1.19974
542 -24 -0.500093 -0.196618 -2.40026 2.13473e-005 -0.300695 1.19983
515 11 -0.499807 -0.198382 -2.60016 0.00136256 -0.299092 1.20023
606 173 -0.500296 0.300434 -2.19987 0.000132769 -0.300346 1.19991
562 184 -0.49999 0.300041 -2.4 -0.000452462 -0.299715 1.20007
533 190 -0.499878 0.298563 -2.60019 -0.000834548 -0.30043 1.19989
630 424 -0.498932 0.798741 -2.2007 -0.0008677 -0.30036 1.19991
584 391 -0.5025 0.79798 -2.40015 0.000304702 -0.299633 1.20009
555 369 -0.499603 0.799868 -2.60012 0.000377913 -0.299885 1.20003
332 -39 0.000211423 -0.200123 -2.19999 0.000221726 -0.299354 1.20016
336 0 4.6124e-005 -0.203052 -2.39974 0.000401041 -0.300414 1.1999
338 29 0.00254394 -0.201825 -2.59986 3.95086e-005 -0.301914 1.19952
356 198 -0.00191633 0.301463 -2.1998 -0.000626276 -0.300311 1.19992
355 203 0.000329026 0.300996 -2.39988 -6.73239e-006 -0.29986 1.20004
356 206 0.00101195 0.29994 -2.60001 -0.000705222 -0.300287 1.19993
382 446 0.000240169 0.799255 -2.20027 0.000242946 -0.300126 1.19997
376 412 -0.000496713 0.800818 -2.39973 -0.000344146 -0.300755 1.19981
373 385 0.00102165 0.799767 -2.60007 -8.1831e-005 -0.300067 1.19998
94 -13 0.499448 -0.200271 -2.2001 0.000160673 -0.299191 1.2002
135 23 0.499956 -0.199877 -2.40002 0.000183931 -0.300478 1.19988
159 51 0.500514 -0.199257 -2.59996 -0.000237831 -0.300002 1.2
117 222 0.499093 0.300885 -2.20009 0.000279816 -0.300057 1.19999
151 226 0.499998 0.300154 -2.39998 -8.48869e-005 -0.299993 1.2
179 225 0.50028 0.300005 -2.59995 -0.000902011 -0.299472 1.20013
140 466 0.499312 0.799944 -2.20018 2.85459e-005 -0.300771 1.19981
173 430 0.501673 0.800371 -2.39953 -0.000134989 -0.29999 1.2
195 404 0.498982 0.800952 -2.5999 0.000190498 -0.300465 1.19988
579 -70 -0.498535 -0.500399 -2.20024 -0.00111346 0.000841349 1.2
542 -23 -0.499987 -0.500029 -2.4 -6.22607e-005 -0.000402746 1.2
515 9 -0.499165 -0.5009 -2.59999 3.8439e-005 8.59665e-005 1.2
603 173 -0.500403 0.000413637 -2.19991 -0.000127257 0.000174434 1.2
564 182 -0.500397 -0.00199015 -2.39992 0.000626258 0.000348967 1.2
532 189 -0.502242 0.00114268 -2.59957 0.000795111 0.000325306 1.2
631 423 -0.499635 0.501061 -2.19984 -0.00102316 0.0012814 1.2
588 394 -0.49951 0.50228 -2.39963 -0.000271285 -0.00143606 1.2
553 367 -0.502052 0.499806 -2.59964 -0.000204723 0.000232018 1.2
332 -43 0.00182158 -0.497446 -2.20058 -0.00128676 -0.000943388 1.2
337 -1 0.00163434 -0.497403 -2.40054 -0.000368297 -0.000111267 1.2
338 28 0.00122847 -0.498126 -2.60036 -0.000299012 -0.00064643 1.2
357 202 0.000101297 -0.000185464 -2.2 0.000274583 -0.000510492 1.2
353 205 0.00348295 -0.000798372 -2.4 0.000144753 -0.000301705 1.2
352 209 0.00243119 0.000577606 -2.6 -4.97996e-005 -0.000633642 1.2
382 444 -0.000424749 0.500473 -2.19989 0.00126622 -0.000709755 1.2
374 408 0.00146577 0.499505 -2.4001 0.00107634 0.00103788 1.2
370 386 -0.000561342 0.499673 -2.60006 0.000337404 0.000485974 1.2
95 -15 0.50258 -0.501333 -2.19911 -0.000278112 -0.000362006 1.2
135 22 0.498754 -0.498915 -2.40049 -0.000265182 0.00109318 1.2
159 49 0.502015 -0.503093 -2.59901 0.000673435 -0.000201756 1.2
118 224 0.497607 -0.00122785 -2.20054 6.79626e-005 0.000230645 1.2
152 225 0.500241 -0.000595524 -2.39995 -4.30412e-005 0.000141917 1.2
175 226 0.50003 -0.00217943 -2.59999 3.7718e-005 0.00121565 1.2
140 467 0.501859 0.500455 -2.19947 0.000426017 0.000229594 1.2
171 429 0.501488 0.497258 -2.40026 0.00142857 -0.000287333 1.2
195 401 0.498562 0.498597 -2.60055 -0.000428223 -3.30401e-005 1.2
578 -69 -0.499547 -0.80134 -2.19962 -0.000741243 0.300356 1.19991
542 -23 -0.501195 -0.798287 -2.40032 2.54616e-006 0.299987 1.2
516 11 -0.499947 -0.800563 -2.59984 -0.000193837 0.299705 1.20007
602 176 -0.50206 -0.298046 -2.1998 0.000322064 0.301656 1.19958
563 184 -0.500246 -0.300236 -2.39992 0.000604862 0.29894 1.20026
534 188 -0.499503 -0.300345 -2.60006 1.57192e-005 0.299909 1.20002
632 421 -0.500018 0.201601 -2.19985 -2.54194e-005 0.299037 1.20024
585 393 -0.499375 0.199801 -2.40015 -0.000725874 0.300536 1.19987
551 371 -0.50006 0.199892 -2.6 -0.000339484 0.300773 1.19981
335 -42 0.000597718 -0.798563 -2.20052 0.000162165 0.300165 1.19996
335 0 0.00337785 -0.800848 -2.39971 -0.000112039 0.299862 1.20003
336 29 0.0020678 -0.799901 -2.60003 0.000685753 0.300508 1.19987
358 200 -4.34198e-005 -0.299616 -2.20005 1.9981e-005 0.30054 1.19986
355 204 0.00103402 -0.301968 -2.39975 0.000633751 0.298845 1.20029
354 206 0.00251796 -0.29964 -2.60004 -0.000448853 0.29998 1.20001
383 443 -0.00156049 0.202542 -2.19977 0.00036716 0.299741 1.20006
374 411 -0.000213418 0.199962 -2.4 -0.000522729 0.301354 1.19966
372 385 0.000511057 0.199932 -2.60001 -7.20667e-005 0.299905 1.20002
95 -13 0.499417 -0.80119 -2.1997 3.74698e-005 0.300037 1.19999
133 22 0.502024 -0.798294 -2.40015 -0.00012364 0.300391 1.1999
163 48 0.498551 -0.800891 -2.6 0.000429128 0.299906 1.20002
118 225 0.50099 -0.300881 -2.19965 2.43956e-005 0.299186 1.2002
151 224 0.501102 -0.297999 -2.40002 -0.00113873 0.30047 1.19988
177 225 0.499401 -0.300232 -2.60009 -0.000206303 0.300023 1.19999
142 467 0.499882 0.199308 -2.20009 0.000177688 0.299887 1.20003
171 430 0.49992 0.199738 -2.40004 0.000141226 0.301195 1.1997
194 404 0.49713 0.199731 -2.60057 -6.70697e-006 0.300008 1.2
577 -67 -0.899631 -0.20059 -2.2001 0.400599 -0.29922 1.2
544 -21 -0.901148 -0.198046 -2.39973 0.400483 -0.300073 1.19982
516 8 -0.897429 -0.201278 -2.60079 0.399805 -0.300472 1.19995
606 175 -0.901063 0.300955 -2.19943 0.399712 -0.299406 1.20024
564 181 -0.901123 0.30176 -2.39936 0.400106 -0.299698 1.20004
536 187 -0.898123 0.298993 -2.60076 0.399634 -0.299927 1.20014
630 423 -0.902109 0.798233 -2.19978 0.39999 -0.299989 1.20001
587 392 -0.900919 0.799159 -2.39994 0.40006 -0.29897 1.20024
553 370 -0.90005 0.799728 -2.60007 0.399361 -0.300017 1.20021
335 -41 -0.399584 -0.20297 -2.1998 0.399119 -0.300641 1.20013
333 0 -0.399814 -0.200369 -2.4 0.399178 -0.299732 1.20034
336 27 -0.401281 -0.200908 -2.59973 0.400496 -0.300423 1.19973
355 199 -0.399994 0.29815 -2.20025 0.399786 -0.301559 1.19968
355 203 -0.400552 0.299529 -2.39997 0.39962 -0.299887 1.20016
355 206 -0.399796 0.301151 -2.5999 0.400627 -0.300995 1.19954
384 444 -0.400138 0.80014 -2.19992 0.400093 -0.300119 1.19994
376 408 -0.400746 0.797241 -2.40079 0.400274 -0.300054 1.1999
374 385 -0.399145 0.799242 -2.60036 0.399708 -0.301586 1.1997
94 -13 0.10103 -0.200752 -2.19988 0.4 -0.300002 1.2
131 21 0.0983021 -0.19916 -2.40014 0.398866 -0.300803 1.20018
162 48 0.100255 -0.200039 -2.59999 0.400573 -0.299535 1.19993
119 226 0.0996778 0.300153 -2.19999 0.399938 -0.29971 1.20009
152 222 0.100256 0.300001 -2.39999 0.400747 -0.299105 1.19997
177 225 0.0990159 0.298622 -2.6002 0.399532 -0.299754 1.20022
138 467 0.10039 0.799993 -2.19998 0.398902 -0.300761 1.20018
170 427 0.0997179 0.797363 -2.40089 0.401182 -0.300917 1.19938
194 403 0.101231 0.802659 -2.59913 0.400424 -0.300614 1.1997
577 -68 -0.901857 -0.499809 -2.19928 0.400564 -0.000656266 1.19981
541 -25 -0.900117 -0.499017 -2.40016 0.399132 0.00121314 1.20029
517 9 -0.899914 -0.499729 -2.60008 0.400162 -0.00033439 1.19995
603 176 -0.899851 4.62878e-005 -2.20006 0.399244 0.000144039 1.20025
566 183 -0.900448 0.0014393 -2.39983 0.400089 -0.000203122 1.19997
533 188 -0.8997 -0.000196931 -2.6001 0.400537 -0.000575553 1.19982
631 422 -0.900357 0.500605 -2.19972 0.400086 -0.00175548 1.19997
586 393 -0.900654 0.499639 -2.39983 0.40089 -0.000760564 1.1997
551 369 -0.898374 0.497615 -2.60102 0.399875 0.000423472 1.20004
331 -41 -0.399225 -0.498581 -2.20046 0.39963 9.19152e-005 1.20012
335 1 -0.400349 -0.500358 -2.39987 0.400671 0.000632667 1.19978
336 27 -0.402638 -0.499474 -2.59969 0.400181 0.000550156 1.19994
359 201 -0.39727 -4.91335e-005 -2.20049 0.399999 3.00146e-005 1.2
354 206 -0.400943 -0.00140014 -2.39984 0.399723 -6.79151e-005 1.20009
352 207 -0.399459 8.96018e-005 -2.60008 0.400335 0.00166907 1.19989
383 444 -0.399738 0.500708 -2.19989 0.400612 -0.00129366 1.1998
378 408 -0.399811 0.499731 -2.40009 0.399939 -0.000282589 1.20002
373 384 -0.397558 0.497925 -2.60077 0.399585 -0.00127487 1.20014
94 -13 0.101262 -0.501774 -2.19954 0.399974 -0.00130329 1.20001
132 20 0.0999075 -0.50042 -2.39992 0.400686 -0.00207894 1.19977
162 47 0.103552 -0.500084 -2.59984 0.399984 0.000133606 1.20001
117 224 0.0990924 0.00137269 -2.20004 0.400071 0.00018227 1.19998
153 224 0.0997182 -0.00129778 -2.40001 0.400002 -0.000103959 1.2
177 223 0.0982362 -0.00113344 -2.60007 0.401025 0.000108854 1.19966
139 464 0.0996605 0.498419 -2.20037 0.399923 -0.000312729 1.20003
169 430 0.100016 0.500083 -2.39998 0.400307 0.000426146 1.1999
194 401 0.0999136 0.501224 -2.59977 0.399664 -0.000293655 1.20011
576 -69 -0.90066 -0.80071 -2.19947 0.399475 0.300178 1.20013
541 -25 -0.900021 -0.800014 -2.39999 0.399889 0.300521 1.19991
515 8 -0.898953 -0.801151 -2.60001 0.400484 0.301798 1.19939
604 176 -0.901251 -0.299576 -2.19955 0.400097 0.299349 1.20013
562 184 -0.899894 -0.297867 -2.40031 0.399935 0.299998 1.20002
536 189 -0.89949 -0.299843 -2.60019 0.40006 0.3014 1.19963
630 423 -0.901566 0.200606 -2.1993 0.400061 0.299938 1.2
588 393 -0.898443 0.202014 -2.40041 0.400014 0.298971 1.20025
555 370 -0.899781 0.200691 -2.60002 0.400048 0.300102 1.19996
333 -42 -0.399723 -0.799762 -2.20014 0.399828 0.298509 1.20043
335 0 -0.401045 -0.801404 -2.39936 0.399879 0.299759 1.2001
338 29 -0.40019 -0.79933 -2.60018 0.399855 0.300128 1.20002
356 200 -0.401289 -0.301357 -2.19958 0.399853 0.299782 1.2001
355 206 -0.401296 -0.297291 -2.40012 0.400508 0.300152 1.19979
354 207 -0.398619 -0.301428 -2.60005 0.39874 0.30134 1.20008
382 446 -0.400265 0.199404 -2.20001 0.399434 0.299129 1.20041
374 412 -0.400002 0.200252 -2.39998 0.399941 0.299154 1.20023
371 384 -0.401166 0.198157 -2.59996 0.400031 0.299785 1.20004
95 -13 0.102606 -0.800422 -2.19973 0.400245 0.299087 1.20015
134 24 0.101964 -0.799697 -2.40002 0.399758 0.29973 1.20015
161 49 0.0997972 -0.797652 -2.60073 0.400002 0.299871 1.20003
119 226 0.100151 -0.297015 -2.2004 0.400534 0.299765 1.19988
153 222 0.0975796 -0.301009 -2.39997 0.400443 0.299424 1.2
178 225 0.100198 -0.30284 -2.59966 0.400546 0.300868 1.1996
140 465 0.10162 0.199574 -2.19996 0.400367 0.299726 1.19995
169 431 0.101558 0.201896 -2.39978 0.400774 0.300095 1.19972
193 404 0.100669 0.19936 -2.60002 0.400002 0.3 1.2
0.35907 0.388108 2.25921 0.923898 -0.0777314 0.0337953 -0.373134

1_f 的非线性优化结果R
calibration result:(初值：0 0 0 0.994896 0.0199204 0.0142125 -0.0519935)
fitted value:0.0298569 0.0464086 0.101247 0.998477 0.00354853 0.015257 0.0497008 
k:146
judgement1 and judgement2:1.83686e-008 9.09314e-012
calibration time:216.082ms

calibration result:(初值：T0，R0)
fitted value:0.0298569 0.0464086 0.101247 0.998477 0.00354853 0.015257 0.0497008 
k:160
judgement1 and judgement2:4.53566e-009 7.14631e-018
calibration time:248.384ms

1_g 的svd分解结果R
calibration result:(初值：0 0 0 0.923898 -0.0777314 0.0337953 -0.373134)
fitted value:0.0298569 0.0464086 0.101247 0.998477 0.00354853 0.015257 0.0497008 
k:140
judgement1 and judgement2:1.24343e-008 1.26073e-010
calibration time:216.861ms

calibration result:(初值：T0，R0)
fitted value:0.0298569 0.0464086 0.101247 0.998477 0.00354853 0.015257 0.0497008 
k:148
judgement1 and judgement2:1.35312e-008 4.95544e-018
calibration time:229.856ms
