729
536.703 536.819 328.442 221.513

578 -69 -0.1 -0.2 -1.6 -0.4 -0.3 0.6
542 -23 -0.1 -0.2 -1.8 -0.4 -0.3 0.6
515 10 -0.1 -0.2 -2 -0.4 -0.3 0.6
604 175 -0.1 0.3 -1.6 -0.4 -0.3 0.6
564 183 -0.1 0.3 -1.8 -0.4 -0.3 0.6
534 189 -0.1 0.3 -2 -0.4 -0.3 0.6
630 423 -0.1 0.8 -1.6 -0.4 -0.3 0.6
586 392 -0.1 0.8 -1.8 -0.4 -0.3 0.6
553 369 -0.1 0.8 -2 -0.4 -0.3 0.6
333 -41 0.4 -0.2 -1.6 -0.4 -0.3 0.6
335 0 0.4 -0.2 -1.8 -0.4 -0.3 0.6
336 29 0.4 -0.2 -2 -0.4 -0.3 0.6
357 200 0.4 0.3 -1.6 -0.4 -0.3 0.6
355 204 0.4 0.3 -1.8 -0.4 -0.3 0.6
354 207 0.4 0.3 -2 -0.4 -0.3 0.6
382 444 0.4 0.8 -1.6 -0.4 -0.3 0.6
376 410 0.4 0.8 -1.8 -0.4 -0.3 0.6
372 386 0.4 0.8 -2 -0.4 -0.3 0.6
95 -13 0.9 -0.2 -1.6 -0.4 -0.3 0.6
133 22 0.9 -0.2 -1.8 -0.4 -0.3 0.6
161 49 0.9 -0.2 -2 -0.4 -0.3 0.6
117 224 0.9 0.3 -1.6 -0.4 -0.3 0.6
152 224 0.9 0.3 -1.8 -0.4 -0.3 0.6
177 225 0.9 0.3 -2 -0.4 -0.3 0.6
140 465 0.9 0.8 -1.6 -0.4 -0.3 0.6
171 429 0.9 0.8 -1.8 -0.4 -0.3 0.6
194 402 0.9 0.8 -2 -0.4 -0.3 0.6
578 -69 -0.1 -0.5 -1.6 -0.4 0 0.6
542 -23 -0.1 -0.5 -1.8 -0.4 0 0.6
515 10 -0.1 -0.5 -2 -0.4 0 0.6
604 175 -0.1 0 -1.6 -0.4 0 0.6
564 183 -0.1 0 -1.8 -0.4 0 0.6
534 189 -0.1 0 -2 -0.4 0 0.6
630 423 -0.1 0.5 -1.6 -0.4 0 0.6
586 392 -0.1 0.5 -1.8 -0.4 0 0.6
553 369 -0.1 0.5 -2 -0.4 0 0.6
333 -41 0.4 -0.5 -1.6 -0.4 0 0.6
335 0 0.4 -0.5 -1.8 -0.4 0 0.6
336 29 0.4 -0.5 -2 -0.4 0 0.6
357 200 0.4 0 -1.6 -0.4 0 0.6
355 204 0.4 0 -1.8 -0.4 0 0.6
354 207 0.4 0 -2 -0.4 0 0.6
382 444 0.4 0.5 -1.6 -0.4 0 0.6
376 410 0.4 0.5 -1.8 -0.4 0 0.6
372 386 0.4 0.5 -2 -0.4 0 0.6
95 -13 0.9 -0.5 -1.6 -0.4 0 0.6
133 22 0.9 -0.5 -1.8 -0.4 0 0.6
161 49 0.9 -0.5 -2 -0.4 0 0.6
117 224 0.9 0 -1.6 -0.4 0 0.6
152 224 0.9 0 -1.8 -0.4 0 0.6
177 225 0.9 0 -2 -0.4 0 0.6
140 465 0.9 0.5 -1.6 -0.4 0 0.6
171 429 0.9 0.5 -1.8 -0.4 0 0.6
194 402 0.9 0.5 -2 -0.4 0 0.6
578 -69 -0.1 -0.8 -1.6 -0.4 0.3 0.6
542 -23 -0.1 -0.8 -1.8 -0.4 0.3 0.6
515 10 -0.1 -0.8 -2 -0.4 0.3 0.6
604 175 -0.1 -0.3 -1.6 -0.4 0.3 0.6
564 183 -0.1 -0.3 -1.8 -0.4 0.3 0.6
534 189 -0.1 -0.3 -2 -0.4 0.3 0.6
630 423 -0.1 0.2 -1.6 -0.4 0.3 0.6
586 392 -0.1 0.2 -1.8 -0.4 0.3 0.6
553 369 -0.1 0.2 -2 -0.4 0.3 0.6
333 -41 0.4 -0.8 -1.6 -0.4 0.3 0.6
335 0 0.4 -0.8 -1.8 -0.4 0.3 0.6
336 29 0.4 -0.8 -2 -0.4 0.3 0.6
357 200 0.4 -0.3 -1.6 -0.4 0.3 0.6
355 204 0.4 -0.3 -1.8 -0.4 0.3 0.6
354 207 0.4 -0.3 -2 -0.4 0.3 0.6
382 444 0.4 0.2 -1.6 -0.4 0.3 0.6
376 410 0.4 0.2 -1.8 -0.4 0.3 0.6
372 386 0.4 0.2 -2 -0.4 0.3 0.6
95 -13 0.9 -0.8 -1.6 -0.4 0.3 0.6
133 22 0.9 -0.8 -1.8 -0.4 0.3 0.6
161 49 0.9 -0.8 -2 -0.4 0.3 0.6
117 224 0.9 -0.3 -1.6 -0.4 0.3 0.6
152 224 0.9 -0.3 -1.8 -0.4 0.3 0.6
177 225 0.9 -0.3 -2 -0.4 0.3 0.6
140 465 0.9 0.2 -1.6 -0.4 0.3 0.6
171 429 0.9 0.2 -1.8 -0.4 0.3 0.6
194 402 0.9 0.2 -2 -0.4 0.3 0.6
578 -69 -0.5 -0.2 -1.6 0 -0.3 0.6
542 -23 -0.5 -0.2 -1.8 0 -0.3 0.6
515 10 -0.5 -0.2 -2 0 -0.3 0.6
604 175 -0.5 0.3 -1.6 0 -0.3 0.6
564 183 -0.5 0.3 -1.8 0 -0.3 0.6
534 189 -0.5 0.3 -2 0 -0.3 0.6
630 423 -0.5 0.8 -1.6 0 -0.3 0.6
586 392 -0.5 0.8 -1.8 0 -0.3 0.6
553 369 -0.5 0.8 -2 0 -0.3 0.6
333 -41 0 -0.2 -1.6 0 -0.3 0.6
335 0 0 -0.2 -1.8 0 -0.3 0.6
336 29 0 -0.2 -2 0 -0.3 0.6
357 200 0 0.3 -1.6 0 -0.3 0.6
355 204 0 0.3 -1.8 0 -0.3 0.6
354 207 0 0.3 -2 0 -0.3 0.6
382 444 0 0.8 -1.6 0 -0.3 0.6
376 410 0 0.8 -1.8 0 -0.3 0.6
372 386 0 0.8 -2 0 -0.3 0.6
95 -13 0.5 -0.2 -1.6 0 -0.3 0.6
133 22 0.5 -0.2 -1.8 0 -0.3 0.6
161 49 0.5 -0.2 -2 0 -0.3 0.6
117 224 0.5 0.3 -1.6 0 -0.3 0.6
152 224 0.5 0.3 -1.8 0 -0.3 0.6
177 225 0.5 0.3 -2 0 -0.3 0.6
140 465 0.5 0.8 -1.6 0 -0.3 0.6
171 429 0.5 0.8 -1.8 0 -0.3 0.6
194 402 0.5 0.8 -2 0 -0.3 0.6
578 -69 -0.5 -0.5 -1.6 0 0 0.6
542 -23 -0.5 -0.5 -1.8 0 0 0.6
515 10 -0.5 -0.5 -2 0 0 0.6
604 175 -0.5 0 -1.6 0 0 0.6
564 183 -0.5 0 -1.8 0 0 0.6
534 189 -0.5 0 -2 0 0 0.6
630 423 -0.5 0.5 -1.6 0 0 0.6
586 392 -0.5 0.5 -1.8 0 0 0.6
553 369 -0.5 0.5 -2 0 0 0.6
333 -41 0 -0.5 -1.6 0 0 0.6
335 0 0 -0.5 -1.8 0 0 0.6
336 29 0 -0.5 -2 0 0 0.6
357 200 0 0 -1.6 0 0 0.6
355 204 0 0 -1.8 0 0 0.6
354 207 0 0 -2 0 0 0.6
382 444 0 0.5 -1.6 0 0 0.6
376 410 0 0.5 -1.8 0 0 0.6
372 386 0 0.5 -2 0 0 0.6
95 -13 0.5 -0.5 -1.6 0 0 0.6
133 22 0.5 -0.5 -1.8 0 0 0.6
161 49 0.5 -0.5 -2 0 0 0.6
117 224 0.5 0 -1.6 0 0 0.6
152 224 0.5 0 -1.8 0 0 0.6
177 225 0.5 0 -2 0 0 0.6
140 465 0.5 0.5 -1.6 0 0 0.6
171 429 0.5 0.5 -1.8 0 0 0.6
194 402 0.5 0.5 -2 0 0 0.6
578 -69 -0.5 -0.8 -1.6 0 0.3 0.6
542 -23 -0.5 -0.8 -1.8 0 0.3 0.6
515 10 -0.5 -0.8 -2 0 0.3 0.6
604 175 -0.5 -0.3 -1.6 0 0.3 0.6
564 183 -0.5 -0.3 -1.8 0 0.3 0.6
534 189 -0.5 -0.3 -2 0 0.3 0.6
630 423 -0.5 0.2 -1.6 0 0.3 0.6
586 392 -0.5 0.2 -1.8 0 0.3 0.6
553 369 -0.5 0.2 -2 0 0.3 0.6
333 -41 0 -0.8 -1.6 0 0.3 0.6
335 0 0 -0.8 -1.8 0 0.3 0.6
336 29 0 -0.8 -2 0 0.3 0.6
357 200 0 -0.3 -1.6 0 0.3 0.6
355 204 0 -0.3 -1.8 0 0.3 0.6
354 207 0 -0.3 -2 0 0.3 0.6
382 444 0 0.2 -1.6 0 0.3 0.6
376 410 0 0.2 -1.8 0 0.3 0.6
372 386 0 0.2 -2 0 0.3 0.6
95 -13 0.5 -0.8 -1.6 0 0.3 0.6
133 22 0.5 -0.8 -1.8 0 0.3 0.6
161 49 0.5 -0.8 -2 0 0.3 0.6
117 224 0.5 -0.3 -1.6 0 0.3 0.6
152 224 0.5 -0.3 -1.8 0 0.3 0.6
177 225 0.5 -0.3 -2 0 0.3 0.6
140 465 0.5 0.2 -1.6 0 0.3 0.6
171 429 0.5 0.2 -1.8 0 0.3 0.6
194 402 0.5 0.2 -2 0 0.3 0.6
578 -69 -0.9 -0.2 -1.6 0.4 -0.3 0.6
542 -23 -0.9 -0.2 -1.8 0.4 -0.3 0.6
515 10 -0.9 -0.2 -2 0.4 -0.3 0.6
604 175 -0.9 0.3 -1.6 0.4 -0.3 0.6
564 183 -0.9 0.3 -1.8 0.4 -0.3 0.6
534 189 -0.9 0.3 -2 0.4 -0.3 0.6
630 423 -0.9 0.8 -1.6 0.4 -0.3 0.6
586 392 -0.9 0.8 -1.8 0.4 -0.3 0.6
553 369 -0.9 0.8 -2 0.4 -0.3 0.6
333 -41 -0.4 -0.2 -1.6 0.4 -0.3 0.6
335 0 -0.4 -0.2 -1.8 0.4 -0.3 0.6
336 29 -0.4 -0.2 -2 0.4 -0.3 0.6
357 200 -0.4 0.3 -1.6 0.4 -0.3 0.6
355 204 -0.4 0.3 -1.8 0.4 -0.3 0.6
354 207 -0.4 0.3 -2 0.4 -0.3 0.6
382 444 -0.4 0.8 -1.6 0.4 -0.3 0.6
376 410 -0.4 0.8 -1.8 0.4 -0.3 0.6
372 386 -0.4 0.8 -2 0.4 -0.3 0.6
95 -13 0.1 -0.2 -1.6 0.4 -0.3 0.6
133 22 0.1 -0.2 -1.8 0.4 -0.3 0.6
161 49 0.1 -0.2 -2 0.4 -0.3 0.6
117 224 0.1 0.3 -1.6 0.4 -0.3 0.6
152 224 0.1 0.3 -1.8 0.4 -0.3 0.6
177 225 0.1 0.3 -2 0.4 -0.3 0.6
140 465 0.1 0.8 -1.6 0.4 -0.3 0.6
171 429 0.1 0.8 -1.8 0.4 -0.3 0.6
194 402 0.1 0.8 -2 0.4 -0.3 0.6
578 -69 -0.9 -0.5 -1.6 0.4 0 0.6
542 -23 -0.9 -0.5 -1.8 0.4 0 0.6
515 10 -0.9 -0.5 -2 0.4 0 0.6
604 175 -0.9 0 -1.6 0.4 0 0.6
564 183 -0.9 0 -1.8 0.4 0 0.6
534 189 -0.9 0 -2 0.4 0 0.6
630 423 -0.9 0.5 -1.6 0.4 0 0.6
586 392 -0.9 0.5 -1.8 0.4 0 0.6
553 369 -0.9 0.5 -2 0.4 0 0.6
333 -41 -0.4 -0.5 -1.6 0.4 0 0.6
335 0 -0.4 -0.5 -1.8 0.4 0 0.6
336 29 -0.4 -0.5 -2 0.4 0 0.6
357 200 -0.4 0 -1.6 0.4 0 0.6
355 204 -0.4 0 -1.8 0.4 0 0.6
354 207 -0.4 0 -2 0.4 0 0.6
382 444 -0.4 0.5 -1.6 0.4 0 0.6
376 410 -0.4 0.5 -1.8 0.4 0 0.6
372 386 -0.4 0.5 -2 0.4 0 0.6
95 -13 0.1 -0.5 -1.6 0.4 0 0.6
133 22 0.1 -0.5 -1.8 0.4 0 0.6
161 49 0.1 -0.5 -2 0.4 0 0.6
117 224 0.1 0 -1.6 0.4 0 0.6
152 224 0.1 0 -1.8 0.4 0 0.6
177 225 0.1 0 -2 0.4 0 0.6
140 465 0.1 0.5 -1.6 0.4 0 0.6
171 429 0.1 0.5 -1.8 0.4 0 0.6
194 402 0.1 0.5 -2 0.4 0 0.6
578 -69 -0.9 -0.8 -1.6 0.4 0.3 0.6
542 -23 -0.9 -0.8 -1.8 0.4 0.3 0.6
515 10 -0.9 -0.8 -2 0.4 0.3 0.6
604 175 -0.9 -0.3 -1.6 0.4 0.3 0.6
564 183 -0.9 -0.3 -1.8 0.4 0.3 0.6
534 189 -0.9 -0.3 -2 0.4 0.3 0.6
630 423 -0.9 0.2 -1.6 0.4 0.3 0.6
586 392 -0.9 0.2 -1.8 0.4 0.3 0.6
553 369 -0.9 0.2 -2 0.4 0.3 0.6
333 -41 -0.4 -0.8 -1.6 0.4 0.3 0.6
335 0 -0.4 -0.8 -1.8 0.4 0.3 0.6
336 29 -0.4 -0.8 -2 0.4 0.3 0.6
357 200 -0.4 -0.3 -1.6 0.4 0.3 0.6
355 204 -0.4 -0.3 -1.8 0.4 0.3 0.6
354 207 -0.4 -0.3 -2 0.4 0.3 0.6
382 444 -0.4 0.2 -1.6 0.4 0.3 0.6
376 410 -0.4 0.2 -1.8 0.4 0.3 0.6
372 386 -0.4 0.2 -2 0.4 0.3 0.6
95 -13 0.1 -0.8 -1.6 0.4 0.3 0.6
133 22 0.1 -0.8 -1.8 0.4 0.3 0.6
161 49 0.1 -0.8 -2 0.4 0.3 0.6
117 224 0.1 -0.3 -1.6 0.4 0.3 0.6
152 224 0.1 -0.3 -1.8 0.4 0.3 0.6
177 225 0.1 -0.3 -2 0.4 0.3 0.6
140 465 0.1 0.2 -1.6 0.4 0.3 0.6
171 429 0.1 0.2 -1.8 0.4 0.3 0.6
194 402 0.1 0.2 -2 0.4 0.3 0.6
578 -69 -0.1 -0.2 -1.9 -0.4 -0.3 0.9
542 -23 -0.1 -0.2 -2.1 -0.4 -0.3 0.9
515 10 -0.1 -0.2 -2.3 -0.4 -0.3 0.9
604 175 -0.1 0.3 -1.9 -0.4 -0.3 0.9
564 183 -0.1 0.3 -2.1 -0.4 -0.3 0.9
534 189 -0.1 0.3 -2.3 -0.4 -0.3 0.9
630 423 -0.1 0.8 -1.9 -0.4 -0.3 0.9
586 392 -0.1 0.8 -2.1 -0.4 -0.3 0.9
553 369 -0.1 0.8 -2.3 -0.4 -0.3 0.9
333 -41 0.4 -0.2 -1.9 -0.4 -0.3 0.9
335 0 0.4 -0.2 -2.1 -0.4 -0.3 0.9
336 29 0.4 -0.2 -2.3 -0.4 -0.3 0.9
357 200 0.4 0.3 -1.9 -0.4 -0.3 0.9
355 204 0.4 0.3 -2.1 -0.4 -0.3 0.9
354 207 0.4 0.3 -2.3 -0.4 -0.3 0.9
382 444 0.4 0.8 -1.9 -0.4 -0.3 0.9
376 410 0.4 0.8 -2.1 -0.4 -0.3 0.9
372 386 0.4 0.8 -2.3 -0.4 -0.3 0.9
95 -13 0.9 -0.2 -1.9 -0.4 -0.3 0.9
133 22 0.9 -0.2 -2.1 -0.4 -0.3 0.9
161 49 0.9 -0.2 -2.3 -0.4 -0.3 0.9
117 224 0.9 0.3 -1.9 -0.4 -0.3 0.9
152 224 0.9 0.3 -2.1 -0.4 -0.3 0.9
177 225 0.9 0.3 -2.3 -0.4 -0.3 0.9
140 465 0.9 0.8 -1.9 -0.4 -0.3 0.9
171 429 0.9 0.8 -2.1 -0.4 -0.3 0.9
194 402 0.9 0.8 -2.3 -0.4 -0.3 0.9
578 -69 -0.1 -0.5 -1.9 -0.4 0 0.9
542 -23 -0.1 -0.5 -2.1 -0.4 0 0.9
515 10 -0.1 -0.5 -2.3 -0.4 0 0.9
604 175 -0.1 0 -1.9 -0.4 0 0.9
564 183 -0.1 0 -2.1 -0.4 0 0.9
534 189 -0.1 0 -2.3 -0.4 0 0.9
630 423 -0.1 0.5 -1.9 -0.4 0 0.9
586 392 -0.1 0.5 -2.1 -0.4 0 0.9
553 369 -0.1 0.5 -2.3 -0.4 0 0.9
333 -41 0.4 -0.5 -1.9 -0.4 0 0.9
335 0 0.4 -0.5 -2.1 -0.4 0 0.9
336 29 0.4 -0.5 -2.3 -0.4 0 0.9
357 200 0.4 0 -1.9 -0.4 0 0.9
355 204 0.4 0 -2.1 -0.4 0 0.9
354 207 0.4 0 -2.3 -0.4 0 0.9
382 444 0.4 0.5 -1.9 -0.4 0 0.9
376 410 0.4 0.5 -2.1 -0.4 0 0.9
372 386 0.4 0.5 -2.3 -0.4 0 0.9
95 -13 0.9 -0.5 -1.9 -0.4 0 0.9
133 22 0.9 -0.5 -2.1 -0.4 0 0.9
161 49 0.9 -0.5 -2.3 -0.4 0 0.9
117 224 0.9 0 -1.9 -0.4 0 0.9
152 224 0.9 0 -2.1 -0.4 0 0.9
177 225 0.9 0 -2.3 -0.4 0 0.9
140 465 0.9 0.5 -1.9 -0.4 0 0.9
171 429 0.9 0.5 -2.1 -0.4 0 0.9
194 402 0.9 0.5 -2.3 -0.4 0 0.9
578 -69 -0.1 -0.8 -1.9 -0.4 0.3 0.9
542 -23 -0.1 -0.8 -2.1 -0.4 0.3 0.9
515 10 -0.1 -0.8 -2.3 -0.4 0.3 0.9
604 175 -0.1 -0.3 -1.9 -0.4 0.3 0.9
564 183 -0.1 -0.3 -2.1 -0.4 0.3 0.9
534 189 -0.1 -0.3 -2.3 -0.4 0.3 0.9
630 423 -0.1 0.2 -1.9 -0.4 0.3 0.9
586 392 -0.1 0.2 -2.1 -0.4 0.3 0.9
553 369 -0.1 0.2 -2.3 -0.4 0.3 0.9
333 -41 0.4 -0.8 -1.9 -0.4 0.3 0.9
335 0 0.4 -0.8 -2.1 -0.4 0.3 0.9
336 29 0.4 -0.8 -2.3 -0.4 0.3 0.9
357 200 0.4 -0.3 -1.9 -0.4 0.3 0.9
355 204 0.4 -0.3 -2.1 -0.4 0.3 0.9
354 207 0.4 -0.3 -2.3 -0.4 0.3 0.9
382 444 0.4 0.2 -1.9 -0.4 0.3 0.9
376 410 0.4 0.2 -2.1 -0.4 0.3 0.9
372 386 0.4 0.2 -2.3 -0.4 0.3 0.9
95 -13 0.9 -0.8 -1.9 -0.4 0.3 0.9
133 22 0.9 -0.8 -2.1 -0.4 0.3 0.9
161 49 0.9 -0.8 -2.3 -0.4 0.3 0.9
117 224 0.9 -0.3 -1.9 -0.4 0.3 0.9
152 224 0.9 -0.3 -2.1 -0.4 0.3 0.9
177 225 0.9 -0.3 -2.3 -0.4 0.3 0.9
140 465 0.9 0.2 -1.9 -0.4 0.3 0.9
171 429 0.9 0.2 -2.1 -0.4 0.3 0.9
194 402 0.9 0.2 -2.3 -0.4 0.3 0.9
578 -69 -0.5 -0.2 -1.9 0 -0.3 0.9
542 -23 -0.5 -0.2 -2.1 0 -0.3 0.9
515 10 -0.5 -0.2 -2.3 0 -0.3 0.9
604 175 -0.5 0.3 -1.9 0 -0.3 0.9
564 183 -0.5 0.3 -2.1 0 -0.3 0.9
534 189 -0.5 0.3 -2.3 0 -0.3 0.9
630 423 -0.5 0.8 -1.9 0 -0.3 0.9
586 392 -0.5 0.8 -2.1 0 -0.3 0.9
553 369 -0.5 0.8 -2.3 0 -0.3 0.9
333 -41 0 -0.2 -1.9 0 -0.3 0.9
335 0 0 -0.2 -2.1 0 -0.3 0.9
336 29 0 -0.2 -2.3 0 -0.3 0.9
357 200 0 0.3 -1.9 0 -0.3 0.9
355 204 0 0.3 -2.1 0 -0.3 0.9
354 207 0 0.3 -2.3 0 -0.3 0.9
382 444 0 0.8 -1.9 0 -0.3 0.9
376 410 0 0.8 -2.1 0 -0.3 0.9
372 386 0 0.8 -2.3 0 -0.3 0.9
95 -13 0.5 -0.2 -1.9 0 -0.3 0.9
133 22 0.5 -0.2 -2.1 0 -0.3 0.9
161 49 0.5 -0.2 -2.3 0 -0.3 0.9
117 224 0.5 0.3 -1.9 0 -0.3 0.9
152 224 0.5 0.3 -2.1 0 -0.3 0.9
177 225 0.5 0.3 -2.3 0 -0.3 0.9
140 465 0.5 0.8 -1.9 0 -0.3 0.9
171 429 0.5 0.8 -2.1 0 -0.3 0.9
194 402 0.5 0.8 -2.3 0 -0.3 0.9
578 -69 -0.5 -0.5 -1.9 0 0 0.9
542 -23 -0.5 -0.5 -2.1 0 0 0.9
515 10 -0.5 -0.5 -2.3 0 0 0.9
604 175 -0.5 0 -1.9 0 0 0.9
564 183 -0.5 0 -2.1 0 0 0.9
534 189 -0.5 0 -2.3 0 0 0.9
630 423 -0.5 0.5 -1.9 0 0 0.9
586 392 -0.5 0.5 -2.1 0 0 0.9
553 369 -0.5 0.5 -2.3 0 0 0.9
333 -41 0 -0.5 -1.9 0 0 0.9
335 0 0 -0.5 -2.1 0 0 0.9
336 29 0 -0.5 -2.3 0 0 0.9
357 200 0 0 -1.9 0 0 0.9
355 204 0 0 -2.1 0 0 0.9
354 207 0 0 -2.3 0 0 0.9
382 444 0 0.5 -1.9 0 0 0.9
376 410 0 0.5 -2.1 0 0 0.9
372 386 0 0.5 -2.3 0 0 0.9
95 -13 0.5 -0.5 -1.9 0 0 0.9
133 22 0.5 -0.5 -2.1 0 0 0.9
161 49 0.5 -0.5 -2.3 0 0 0.9
117 224 0.5 0 -1.9 0 0 0.9
152 224 0.5 0 -2.1 0 0 0.9
177 225 0.5 0 -2.3 0 0 0.9
140 465 0.5 0.5 -1.9 0 0 0.9
171 429 0.5 0.5 -2.1 0 0 0.9
194 402 0.5 0.5 -2.3 0 0 0.9
578 -69 -0.5 -0.8 -1.9 0 0.3 0.9
542 -23 -0.5 -0.8 -2.1 0 0.3 0.9
515 10 -0.5 -0.8 -2.3 0 0.3 0.9
604 175 -0.5 -0.3 -1.9 0 0.3 0.9
564 183 -0.5 -0.3 -2.1 0 0.3 0.9
534 189 -0.5 -0.3 -2.3 0 0.3 0.9
630 423 -0.5 0.2 -1.9 0 0.3 0.9
586 392 -0.5 0.2 -2.1 0 0.3 0.9
553 369 -0.5 0.2 -2.3 0 0.3 0.9
333 -41 0 -0.8 -1.9 0 0.3 0.9
335 0 0 -0.8 -2.1 0 0.3 0.9
336 29 0 -0.8 -2.3 0 0.3 0.9
357 200 0 -0.3 -1.9 0 0.3 0.9
355 204 0 -0.3 -2.1 0 0.3 0.9
354 207 0 -0.3 -2.3 0 0.3 0.9
382 444 0 0.2 -1.9 0 0.3 0.9
376 410 0 0.2 -2.1 0 0.3 0.9
372 386 0 0.2 -2.3 0 0.3 0.9
95 -13 0.5 -0.8 -1.9 0 0.3 0.9
133 22 0.5 -0.8 -2.1 0 0.3 0.9
161 49 0.5 -0.8 -2.3 0 0.3 0.9
117 224 0.5 -0.3 -1.9 0 0.3 0.9
152 224 0.5 -0.3 -2.1 0 0.3 0.9
177 225 0.5 -0.3 -2.3 0 0.3 0.9
140 465 0.5 0.2 -1.9 0 0.3 0.9
171 429 0.5 0.2 -2.1 0 0.3 0.9
194 402 0.5 0.2 -2.3 0 0.3 0.9
578 -69 -0.9 -0.2 -1.9 0.4 -0.3 0.9
542 -23 -0.9 -0.2 -2.1 0.4 -0.3 0.9
515 10 -0.9 -0.2 -2.3 0.4 -0.3 0.9
604 175 -0.9 0.3 -1.9 0.4 -0.3 0.9
564 183 -0.9 0.3 -2.1 0.4 -0.3 0.9
534 189 -0.9 0.3 -2.3 0.4 -0.3 0.9
630 423 -0.9 0.8 -1.9 0.4 -0.3 0.9
586 392 -0.9 0.8 -2.1 0.4 -0.3 0.9
553 369 -0.9 0.8 -2.3 0.4 -0.3 0.9
333 -41 -0.4 -0.2 -1.9 0.4 -0.3 0.9
335 0 -0.4 -0.2 -2.1 0.4 -0.3 0.9
336 29 -0.4 -0.2 -2.3 0.4 -0.3 0.9
357 200 -0.4 0.3 -1.9 0.4 -0.3 0.9
355 204 -0.4 0.3 -2.1 0.4 -0.3 0.9
354 207 -0.4 0.3 -2.3 0.4 -0.3 0.9
382 444 -0.4 0.8 -1.9 0.4 -0.3 0.9
376 410 -0.4 0.8 -2.1 0.4 -0.3 0.9
372 386 -0.4 0.8 -2.3 0.4 -0.3 0.9
95 -13 0.1 -0.2 -1.9 0.4 -0.3 0.9
133 22 0.1 -0.2 -2.1 0.4 -0.3 0.9
161 49 0.1 -0.2 -2.3 0.4 -0.3 0.9
117 224 0.1 0.3 -1.9 0.4 -0.3 0.9
152 224 0.1 0.3 -2.1 0.4 -0.3 0.9
177 225 0.1 0.3 -2.3 0.4 -0.3 0.9
140 465 0.1 0.8 -1.9 0.4 -0.3 0.9
171 429 0.1 0.8 -2.1 0.4 -0.3 0.9
194 402 0.1 0.8 -2.3 0.4 -0.3 0.9
578 -69 -0.9 -0.5 -1.9 0.4 0 0.9
542 -23 -0.9 -0.5 -2.1 0.4 0 0.9
515 10 -0.9 -0.5 -2.3 0.4 0 0.9
604 175 -0.9 0 -1.9 0.4 0 0.9
564 183 -0.9 0 -2.1 0.4 0 0.9
534 189 -0.9 0 -2.3 0.4 0 0.9
630 423 -0.9 0.5 -1.9 0.4 0 0.9
586 392 -0.9 0.5 -2.1 0.4 0 0.9
553 369 -0.9 0.5 -2.3 0.4 0 0.9
333 -41 -0.4 -0.5 -1.9 0.4 0 0.9
335 0 -0.4 -0.5 -2.1 0.4 0 0.9
336 29 -0.4 -0.5 -2.3 0.4 0 0.9
357 200 -0.4 0 -1.9 0.4 0 0.9
355 204 -0.4 0 -2.1 0.4 0 0.9
354 207 -0.4 0 -2.3 0.4 0 0.9
382 444 -0.4 0.5 -1.9 0.4 0 0.9
376 410 -0.4 0.5 -2.1 0.4 0 0.9
372 386 -0.4 0.5 -2.3 0.4 0 0.9
95 -13 0.1 -0.5 -1.9 0.4 0 0.9
133 22 0.1 -0.5 -2.1 0.4 0 0.9
161 49 0.1 -0.5 -2.3 0.4 0 0.9
117 224 0.1 0 -1.9 0.4 0 0.9
152 224 0.1 0 -2.1 0.4 0 0.9
177 225 0.1 0 -2.3 0.4 0 0.9
140 465 0.1 0.5 -1.9 0.4 0 0.9
171 429 0.1 0.5 -2.1 0.4 0 0.9
194 402 0.1 0.5 -2.3 0.4 0 0.9
578 -69 -0.9 -0.8 -1.9 0.4 0.3 0.9
542 -23 -0.9 -0.8 -2.1 0.4 0.3 0.9
515 10 -0.9 -0.8 -2.3 0.4 0.3 0.9
604 175 -0.9 -0.3 -1.9 0.4 0.3 0.9
564 183 -0.9 -0.3 -2.1 0.4 0.3 0.9
534 189 -0.9 -0.3 -2.3 0.4 0.3 0.9
630 423 -0.9 0.2 -1.9 0.4 0.3 0.9
586 392 -0.9 0.2 -2.1 0.4 0.3 0.9
553 369 -0.9 0.2 -2.3 0.4 0.3 0.9
333 -41 -0.4 -0.8 -1.9 0.4 0.3 0.9
335 0 -0.4 -0.8 -2.1 0.4 0.3 0.9
336 29 -0.4 -0.8 -2.3 0.4 0.3 0.9
357 200 -0.4 -0.3 -1.9 0.4 0.3 0.9
355 204 -0.4 -0.3 -2.1 0.4 0.3 0.9
354 207 -0.4 -0.3 -2.3 0.4 0.3 0.9
382 444 -0.4 0.2 -1.9 0.4 0.3 0.9
376 410 -0.4 0.2 -2.1 0.4 0.3 0.9
372 386 -0.4 0.2 -2.3 0.4 0.3 0.9
95 -13 0.1 -0.8 -1.9 0.4 0.3 0.9
133 22 0.1 -0.8 -2.1 0.4 0.3 0.9
161 49 0.1 -0.8 -2.3 0.4 0.3 0.9
117 224 0.1 -0.3 -1.9 0.4 0.3 0.9
152 224 0.1 -0.3 -2.1 0.4 0.3 0.9
177 225 0.1 -0.3 -2.3 0.4 0.3 0.9
140 465 0.1 0.2 -1.9 0.4 0.3 0.9
171 429 0.1 0.2 -2.1 0.4 0.3 0.9
194 402 0.1 0.2 -2.3 0.4 0.3 0.9
578 -69 -0.1 -0.2 -2.2 -0.4 -0.3 1.2
542 -23 -0.1 -0.2 -2.4 -0.4 -0.3 1.2
515 10 -0.1 -0.2 -2.6 -0.4 -0.3 1.2
604 175 -0.1 0.3 -2.2 -0.4 -0.3 1.2
564 183 -0.1 0.3 -2.4 -0.4 -0.3 1.2
534 189 -0.1 0.3 -2.6 -0.4 -0.3 1.2
630 423 -0.1 0.8 -2.2 -0.4 -0.3 1.2
586 392 -0.1 0.8 -2.4 -0.4 -0.3 1.2
553 369 -0.1 0.8 -2.6 -0.4 -0.3 1.2
333 -41 0.4 -0.2 -2.2 -0.4 -0.3 1.2
335 0 0.4 -0.2 -2.4 -0.4 -0.3 1.2
336 29 0.4 -0.2 -2.6 -0.4 -0.3 1.2
357 200 0.4 0.3 -2.2 -0.4 -0.3 1.2
355 204 0.4 0.3 -2.4 -0.4 -0.3 1.2
354 207 0.4 0.3 -2.6 -0.4 -0.3 1.2
382 444 0.4 0.8 -2.2 -0.4 -0.3 1.2
376 410 0.4 0.8 -2.4 -0.4 -0.3 1.2
372 386 0.4 0.8 -2.6 -0.4 -0.3 1.2
95 -13 0.9 -0.2 -2.2 -0.4 -0.3 1.2
133 22 0.9 -0.2 -2.4 -0.4 -0.3 1.2
161 49 0.9 -0.2 -2.6 -0.4 -0.3 1.2
117 224 0.9 0.3 -2.2 -0.4 -0.3 1.2
152 224 0.9 0.3 -2.4 -0.4 -0.3 1.2
177 225 0.9 0.3 -2.6 -0.4 -0.3 1.2
140 465 0.9 0.8 -2.2 -0.4 -0.3 1.2
171 429 0.9 0.8 -2.4 -0.4 -0.3 1.2
194 402 0.9 0.8 -2.6 -0.4 -0.3 1.2
578 -69 -0.1 -0.5 -2.2 -0.4 0 1.2
542 -23 -0.1 -0.5 -2.4 -0.4 0 1.2
515 10 -0.1 -0.5 -2.6 -0.4 0 1.2
604 175 -0.1 0 -2.2 -0.4 0 1.2
564 183 -0.1 0 -2.4 -0.4 0 1.2
534 189 -0.1 0 -2.6 -0.4 0 1.2
630 423 -0.1 0.5 -2.2 -0.4 0 1.2
586 392 -0.1 0.5 -2.4 -0.4 0 1.2
553 369 -0.1 0.5 -2.6 -0.4 0 1.2
333 -41 0.4 -0.5 -2.2 -0.4 0 1.2
335 0 0.4 -0.5 -2.4 -0.4 0 1.2
336 29 0.4 -0.5 -2.6 -0.4 0 1.2
357 200 0.4 0 -2.2 -0.4 0 1.2
355 204 0.4 0 -2.4 -0.4 0 1.2
354 207 0.4 0 -2.6 -0.4 0 1.2
382 444 0.4 0.5 -2.2 -0.4 0 1.2
376 410 0.4 0.5 -2.4 -0.4 0 1.2
372 386 0.4 0.5 -2.6 -0.4 0 1.2
95 -13 0.9 -0.5 -2.2 -0.4 0 1.2
133 22 0.9 -0.5 -2.4 -0.4 0 1.2
161 49 0.9 -0.5 -2.6 -0.4 0 1.2
117 224 0.9 0 -2.2 -0.4 0 1.2
152 224 0.9 0 -2.4 -0.4 0 1.2
177 225 0.9 0 -2.6 -0.4 0 1.2
140 465 0.9 0.5 -2.2 -0.4 0 1.2
171 429 0.9 0.5 -2.4 -0.4 0 1.2
194 402 0.9 0.5 -2.6 -0.4 0 1.2
578 -69 -0.1 -0.8 -2.2 -0.4 0.3 1.2
542 -23 -0.1 -0.8 -2.4 -0.4 0.3 1.2
515 10 -0.1 -0.8 -2.6 -0.4 0.3 1.2
604 175 -0.1 -0.3 -2.2 -0.4 0.3 1.2
564 183 -0.1 -0.3 -2.4 -0.4 0.3 1.2
534 189 -0.1 -0.3 -2.6 -0.4 0.3 1.2
630 423 -0.1 0.2 -2.2 -0.4 0.3 1.2
586 392 -0.1 0.2 -2.4 -0.4 0.3 1.2
553 369 -0.1 0.2 -2.6 -0.4 0.3 1.2
333 -41 0.4 -0.8 -2.2 -0.4 0.3 1.2
335 0 0.4 -0.8 -2.4 -0.4 0.3 1.2
336 29 0.4 -0.8 -2.6 -0.4 0.3 1.2
357 200 0.4 -0.3 -2.2 -0.4 0.3 1.2
355 204 0.4 -0.3 -2.4 -0.4 0.3 1.2
354 207 0.4 -0.3 -2.6 -0.4 0.3 1.2
382 444 0.4 0.2 -2.2 -0.4 0.3 1.2
376 410 0.4 0.2 -2.4 -0.4 0.3 1.2
372 386 0.4 0.2 -2.6 -0.4 0.3 1.2
95 -13 0.9 -0.8 -2.2 -0.4 0.3 1.2
133 22 0.9 -0.8 -2.4 -0.4 0.3 1.2
161 49 0.9 -0.8 -2.6 -0.4 0.3 1.2
117 224 0.9 -0.3 -2.2 -0.4 0.3 1.2
152 224 0.9 -0.3 -2.4 -0.4 0.3 1.2
177 225 0.9 -0.3 -2.6 -0.4 0.3 1.2
140 465 0.9 0.2 -2.2 -0.4 0.3 1.2
171 429 0.9 0.2 -2.4 -0.4 0.3 1.2
194 402 0.9 0.2 -2.6 -0.4 0.3 1.2
578 -69 -0.5 -0.2 -2.2 0 -0.3 1.2
542 -23 -0.5 -0.2 -2.4 0 -0.3 1.2
515 10 -0.5 -0.2 -2.6 0 -0.3 1.2
604 175 -0.5 0.3 -2.2 0 -0.3 1.2
564 183 -0.5 0.3 -2.4 0 -0.3 1.2
534 189 -0.5 0.3 -2.6 0 -0.3 1.2
630 423 -0.5 0.8 -2.2 0 -0.3 1.2
586 392 -0.5 0.8 -2.4 0 -0.3 1.2
553 369 -0.5 0.8 -2.6 0 -0.3 1.2
333 -41 0 -0.2 -2.2 0 -0.3 1.2
335 0 0 -0.2 -2.4 0 -0.3 1.2
336 29 0 -0.2 -2.6 0 -0.3 1.2
357 200 0 0.3 -2.2 0 -0.3 1.2
355 204 0 0.3 -2.4 0 -0.3 1.2
354 207 0 0.3 -2.6 0 -0.3 1.2
382 444 0 0.8 -2.2 0 -0.3 1.2
376 410 0 0.8 -2.4 0 -0.3 1.2
372 386 0 0.8 -2.6 0 -0.3 1.2
95 -13 0.5 -0.2 -2.2 0 -0.3 1.2
133 22 0.5 -0.2 -2.4 0 -0.3 1.2
161 49 0.5 -0.2 -2.6 0 -0.3 1.2
117 224 0.5 0.3 -2.2 0 -0.3 1.2
152 224 0.5 0.3 -2.4 0 -0.3 1.2
177 225 0.5 0.3 -2.6 0 -0.3 1.2
140 465 0.5 0.8 -2.2 0 -0.3 1.2
171 429 0.5 0.8 -2.4 0 -0.3 1.2
194 402 0.5 0.8 -2.6 0 -0.3 1.2
578 -69 -0.5 -0.5 -2.2 0 0 1.2
542 -23 -0.5 -0.5 -2.4 0 0 1.2
515 10 -0.5 -0.5 -2.6 0 0 1.2
604 175 -0.5 0 -2.2 0 0 1.2
564 183 -0.5 0 -2.4 0 0 1.2
534 189 -0.5 0 -2.6 0 0 1.2
630 423 -0.5 0.5 -2.2 0 0 1.2
586 392 -0.5 0.5 -2.4 0 0 1.2
553 369 -0.5 0.5 -2.6 0 0 1.2
333 -41 0 -0.5 -2.2 0 0 1.2
335 0 0 -0.5 -2.4 0 0 1.2
336 29 0 -0.5 -2.6 0 0 1.2
357 200 0 0 -2.2 0 0 1.2
355 204 0 0 -2.4 0 0 1.2
354 207 0 0 -2.6 0 0 1.2
382 444 0 0.5 -2.2 0 0 1.2
376 410 0 0.5 -2.4 0 0 1.2
372 386 0 0.5 -2.6 0 0 1.2
95 -13 0.5 -0.5 -2.2 0 0 1.2
133 22 0.5 -0.5 -2.4 0 0 1.2
161 49 0.5 -0.5 -2.6 0 0 1.2
117 224 0.5 0 -2.2 0 0 1.2
152 224 0.5 0 -2.4 0 0 1.2
177 225 0.5 0 -2.6 0 0 1.2
140 465 0.5 0.5 -2.2 0 0 1.2
171 429 0.5 0.5 -2.4 0 0 1.2
194 402 0.5 0.5 -2.6 0 0 1.2
578 -69 -0.5 -0.8 -2.2 0 0.3 1.2
542 -23 -0.5 -0.8 -2.4 0 0.3 1.2
515 10 -0.5 -0.8 -2.6 0 0.3 1.2
604 175 -0.5 -0.3 -2.2 0 0.3 1.2
564 183 -0.5 -0.3 -2.4 0 0.3 1.2
534 189 -0.5 -0.3 -2.6 0 0.3 1.2
630 423 -0.5 0.2 -2.2 0 0.3 1.2
586 392 -0.5 0.2 -2.4 0 0.3 1.2
553 369 -0.5 0.2 -2.6 0 0.3 1.2
333 -41 0 -0.8 -2.2 0 0.3 1.2
335 0 0 -0.8 -2.4 0 0.3 1.2
336 29 0 -0.8 -2.6 0 0.3 1.2
357 200 0 -0.3 -2.2 0 0.3 1.2
355 204 0 -0.3 -2.4 0 0.3 1.2
354 207 0 -0.3 -2.6 0 0.3 1.2
382 444 0 0.2 -2.2 0 0.3 1.2
376 410 0 0.2 -2.4 0 0.3 1.2
372 386 0 0.2 -2.6 0 0.3 1.2
95 -13 0.5 -0.8 -2.2 0 0.3 1.2
133 22 0.5 -0.8 -2.4 0 0.3 1.2
161 49 0.5 -0.8 -2.6 0 0.3 1.2
117 224 0.5 -0.3 -2.2 0 0.3 1.2
152 224 0.5 -0.3 -2.4 0 0.3 1.2
177 225 0.5 -0.3 -2.6 0 0.3 1.2
140 465 0.5 0.2 -2.2 0 0.3 1.2
171 429 0.5 0.2 -2.4 0 0.3 1.2
194 402 0.5 0.2 -2.6 0 0.3 1.2
578 -69 -0.9 -0.2 -2.2 0.4 -0.3 1.2
542 -23 -0.9 -0.2 -2.4 0.4 -0.3 1.2
515 10 -0.9 -0.2 -2.6 0.4 -0.3 1.2
604 175 -0.9 0.3 -2.2 0.4 -0.3 1.2
564 183 -0.9 0.3 -2.4 0.4 -0.3 1.2
534 189 -0.9 0.3 -2.6 0.4 -0.3 1.2
630 423 -0.9 0.8 -2.2 0.4 -0.3 1.2
586 392 -0.9 0.8 -2.4 0.4 -0.3 1.2
553 369 -0.9 0.8 -2.6 0.4 -0.3 1.2
333 -41 -0.4 -0.2 -2.2 0.4 -0.3 1.2
335 0 -0.4 -0.2 -2.4 0.4 -0.3 1.2
336 29 -0.4 -0.2 -2.6 0.4 -0.3 1.2
357 200 -0.4 0.3 -2.2 0.4 -0.3 1.2
355 204 -0.4 0.3 -2.4 0.4 -0.3 1.2
354 207 -0.4 0.3 -2.6 0.4 -0.3 1.2
382 444 -0.4 0.8 -2.2 0.4 -0.3 1.2
376 410 -0.4 0.8 -2.4 0.4 -0.3 1.2
372 386 -0.4 0.8 -2.6 0.4 -0.3 1.2
95 -13 0.1 -0.2 -2.2 0.4 -0.3 1.2
133 22 0.1 -0.2 -2.4 0.4 -0.3 1.2
161 49 0.1 -0.2 -2.6 0.4 -0.3 1.2
117 224 0.1 0.3 -2.2 0.4 -0.3 1.2
152 224 0.1 0.3 -2.4 0.4 -0.3 1.2
177 225 0.1 0.3 -2.6 0.4 -0.3 1.2
140 465 0.1 0.8 -2.2 0.4 -0.3 1.2
171 429 0.1 0.8 -2.4 0.4 -0.3 1.2
194 402 0.1 0.8 -2.6 0.4 -0.3 1.2
578 -69 -0.9 -0.5 -2.2 0.4 0 1.2
542 -23 -0.9 -0.5 -2.4 0.4 0 1.2
515 10 -0.9 -0.5 -2.6 0.4 0 1.2
604 175 -0.9 0 -2.2 0.4 0 1.2
564 183 -0.9 0 -2.4 0.4 0 1.2
534 189 -0.9 0 -2.6 0.4 0 1.2
630 423 -0.9 0.5 -2.2 0.4 0 1.2
586 392 -0.9 0.5 -2.4 0.4 0 1.2
553 369 -0.9 0.5 -2.6 0.4 0 1.2
333 -41 -0.4 -0.5 -2.2 0.4 0 1.2
335 0 -0.4 -0.5 -2.4 0.4 0 1.2
336 29 -0.4 -0.5 -2.6 0.4 0 1.2
357 200 -0.4 0 -2.2 0.4 0 1.2
355 204 -0.4 0 -2.4 0.4 0 1.2
354 207 -0.4 0 -2.6 0.4 0 1.2
382 444 -0.4 0.5 -2.2 0.4 0 1.2
376 410 -0.4 0.5 -2.4 0.4 0 1.2
372 386 -0.4 0.5 -2.6 0.4 0 1.2
95 -13 0.1 -0.5 -2.2 0.4 0 1.2
133 22 0.1 -0.5 -2.4 0.4 0 1.2
161 49 0.1 -0.5 -2.6 0.4 0 1.2
117 224 0.1 0 -2.2 0.4 0 1.2
152 224 0.1 0 -2.4 0.4 0 1.2
177 225 0.1 0 -2.6 0.4 0 1.2
140 465 0.1 0.5 -2.2 0.4 0 1.2
171 429 0.1 0.5 -2.4 0.4 0 1.2
194 402 0.1 0.5 -2.6 0.4 0 1.2
578 -69 -0.9 -0.8 -2.2 0.4 0.3 1.2
542 -23 -0.9 -0.8 -2.4 0.4 0.3 1.2
515 10 -0.9 -0.8 -2.6 0.4 0.3 1.2
604 175 -0.9 -0.3 -2.2 0.4 0.3 1.2
564 183 -0.9 -0.3 -2.4 0.4 0.3 1.2
534 189 -0.9 -0.3 -2.6 0.4 0.3 1.2
630 423 -0.9 0.2 -2.2 0.4 0.3 1.2
586 392 -0.9 0.2 -2.4 0.4 0.3 1.2
553 369 -0.9 0.2 -2.6 0.4 0.3 1.2
333 -41 -0.4 -0.8 -2.2 0.4 0.3 1.2
335 0 -0.4 -0.8 -2.4 0.4 0.3 1.2
336 29 -0.4 -0.8 -2.6 0.4 0.3 1.2
357 200 -0.4 -0.3 -2.2 0.4 0.3 1.2
355 204 -0.4 -0.3 -2.4 0.4 0.3 1.2
354 207 -0.4 -0.3 -2.6 0.4 0.3 1.2
382 444 -0.4 0.2 -2.2 0.4 0.3 1.2
376 410 -0.4 0.2 -2.4 0.4 0.3 1.2
372 386 -0.4 0.2 -2.6 0.4 0.3 1.2
95 -13 0.1 -0.8 -2.2 0.4 0.3 1.2
133 22 0.1 -0.8 -2.4 0.4 0.3 1.2
161 49 0.1 -0.8 -2.6 0.4 0.3 1.2
117 224 0.1 -0.3 -2.2 0.4 0.3 1.2
152 224 0.1 -0.3 -2.4 0.4 0.3 1.2
177 225 0.1 -0.3 -2.6 0.4 0.3 1.2
140 465 0.1 0.2 -2.2 0.4 0.3 1.2
171 429 0.1 0.2 -2.4 0.4 0.3 1.2
194 402 0.1 0.2 -2.6 0.4 0.3 1.2
0 0 0 1 0 0 0 
calibration result:
fitted value:0.0297439 0.0492397 0.101016 0.99864 0.00460231 0.0153586 0.0496019 
k:13001
judgement1 and judgement2:2.3499e-013 1.28272e-016
calibration time:21728.5ms
实际设定数值 0.03,0.05,0.1,0.99863,0.005234,0.015701,0.04965
