729
536.703 536.819 328.442 221.513

578 -67 -0.159028 -0.205305 -1.59454 -0.390971 -0.315873 0.597801
541 -25 -0.0613255 -0.171765 -1.80464 -0.38884 -0.322889 0.595438
513 8 -0.163497 -0.172973 -1.99834 -0.401646 -0.276354 0.610171
602 175 -0.0794216 0.324532 -1.59636 -0.396912 -0.303748 0.600165
564 182 -0.107158 0.302979 -1.79909 -0.394385 -0.306768 0.600295
534 188 -0.168367 0.333655 -1.99006 -0.409305 -0.31464 0.586064
630 423 -0.147722 0.761432 -1.61505 -0.397524 -0.321332 0.590526
587 390 -0.0593896 0.819132 -1.79318 -0.384512 -0.296516 0.611742
555 370 -0.10635 0.715783 -2.03134 -0.411722 -0.288722 0.597599
334 -43 0.400772 -0.198958 -1.59994 -0.402205 -0.299586 0.598731
333 -1 0.393247 -0.200753 -1.8014 -0.398594 -0.305317 0.598251
335 29 0.399143 -0.211978 -1.99894 -0.394799 -0.33206 0.586404
355 202 0.400379 0.301034 -1.59971 -0.399761 -0.29985 0.600234
353 206 0.399466 0.293018 -1.80127 -0.407857 -0.268544 0.609538
352 207 0.432774 0.321898 -1.98975 -0.406727 -0.276596 0.606686
383 444 0.399682 0.801222 -1.59947 -0.396205 -0.303865 0.600573
376 408 0.468311 0.806403 -1.78056 -0.422801 -0.280095 0.593958
374 385 0.373753 0.888376 -1.96751 -0.402213 -0.294297 0.601343
94 -12 0.906104 -0.197605 -1.59685 -0.406903 -0.286486 0.60196
133 20 0.906526 -0.181676 -1.79867 -0.391404 -0.277302 0.616365
163 47 0.896822 -0.202317 -2.00119 -0.401506 -0.306519 0.595683
115 225 0.887573 0.238463 -1.6172 -0.396296 -0.303841 0.600525
150 222 0.878304 0.353972 -1.80091 -0.40484 -0.298702 0.597396
175 225 0.920048 0.361848 -1.98055 -0.379176 -0.293702 0.616413
141 464 0.87662 0.837373 -1.59385 -0.394525 -0.2893 0.608815
171 431 0.905996 0.801384 -1.79637 -0.400615 -0.301493 0.59884
194 404 0.906373 0.84229 -1.97966 -0.408309 -0.305842 0.591392
580 -70 -0.164872 -0.513663 -1.59027 -0.398211 0.0039431 0.601176
542 -23 -0.119848 -0.52498 -1.79166 -0.403514 0.0166323 0.597411
515 10 -0.110535 -0.495215 -2.00064 -0.390871 -0.0169982 0.605748
604 176 -0.0951958 -0.0223384 -1.60014 -0.413489 0.00140317 0.590783
564 184 -0.0998074 -0.00558442 -1.8 -0.404639 0.0277433 0.596236
535 187 -0.106375 -0.0470404 -1.99912 -0.396695 -0.0275076 0.601562
628 425 -0.0993949 0.526209 -1.59161 -0.402606 -0.00034509 0.598254
586 393 -0.0721864 0.530265 -1.79265 -0.395029 -0.00709909 0.603242
551 368 -0.100595 0.498561 -2.00033 -0.399951 0.00753451 0.599985
332 -39 0.384646 -0.507975 -1.60125 -0.390863 -0.0329066 0.605098
333 2 0.412391 -0.445259 -1.81154 -0.398626 -0.000748987 0.600914
338 29 0.428385 -0.507616 -1.99219 -0.400111 1.22211e-005 0.599926
357 200 0.40035 -0.0166721 -1.59983 -0.404421 0.00407224 0.597015
353 204 0.392384 0.00988669 -1.80165 -0.400423 -0.00589245 0.599689
354 207 0.362141 0.0112926 -2.00717 -0.400108 5.70294e-005 0.599928
384 444 0.42921 0.53441 -1.5812 -0.402605 -0.00268966 0.598249
378 410 0.336478 0.522471 -1.8066 -0.395901 0.00363241 0.602701
371 384 0.429647 0.534351 -1.98491 -0.404575 0.0236321 0.596457
96 -12 0.86631 -0.54189 -1.60495 -0.40348 0.00393431 0.597652
133 21 0.898177 -0.496936 -1.80176 -0.395473 0.00658318 0.602957
161 48 0.846367 -0.565752 -2.00589 -0.398213 0.00340591 0.601178
119 225 0.912259 0.0157073 -1.59296 -0.411822 0.00161017 0.591946
151 223 0.912008 0.0321726 -1.79366 -0.386264 0.00379292 0.608922
175 224 0.901935 0.00904257 -1.99911 -0.395746 0.0185234 0.60253
138 463 0.926939 0.487459 -1.58845 -0.389834 0.024677 0.606152
171 431 0.901024 0.46594 -1.80861 -0.401279 0.00470414 0.599127
194 401 0.910316 0.507449 -1.99344 -0.427707 0.0104795 0.58048
576 -67 -0.0987559 -0.807728 -1.59619 -0.386693 0.292278 0.612407
540 -23 -0.0955626 -0.789882 -1.8047 -0.386528 0.299335 0.609093
516 11 -0.0649941 -0.825502 -1.99106 -0.396225 0.330242 0.586469
602 177 -0.0960405 -0.298328 -1.60056 -0.398406 0.288687 0.606574
563 181 -0.0771596 -0.289428 -1.80285 -0.40162 0.296619 0.600598
533 187 -0.0463704 -0.279029 -2.00499 -0.401634 0.291304 0.603185
628 424 -0.0618354 0.199441 -1.602 -0.39067 0.329342 0.590687
584 393 -0.0876489 0.142082 -1.80614 -0.411094 0.3006 0.59215
552 368 -0.122236 0.219469 -1.99672 -0.411173 0.32111 0.581227
333 -41 0.424956 -0.823135 -1.58173 -0.396908 0.304736 0.599667
335 0 0.353484 -0.798233 -1.81049 -0.401556 0.302446 0.597729
336 27 0.421372 -0.77372 -2.00594 -0.401387 0.299815 0.599166
356 198 0.437534 -0.324615 -1.5853 -0.39236 0.303579 0.603236
355 206 0.39874 -0.29661 -1.80084 -0.401112 0.293822 0.602311
353 209 0.387162 -0.310267 -2.00096 -0.379878 0.301828 0.61204
381 444 0.395344 0.20153 -1.60096 -0.405028 0.308273 0.592386
378 409 0.361688 0.24405 -1.80267 -0.416638 0.289082 0.594007
373 384 0.395379 0.192284 -2.00167 -0.399413 0.285248 0.607538
93 -11 0.895288 -0.800543 -1.60237 -0.411359 0.289984 0.597238
131 20 0.893218 -0.828482 -1.79047 -0.396034 0.302812 0.601217
159 50 0.828157 -0.808867 -2.02729 -0.406071 0.303121 0.594326
115 224 0.893586 -0.307185 -1.60223 -0.402793 0.293143 0.601519
153 225 0.892948 -0.393494 -1.78544 -0.410792 0.268748 0.607474
176 226 0.874739 -0.299064 -2.01132 -0.416196 0.307947 0.584765
140 466 0.904126 0.191789 -1.59868 -0.384764 0.316299 0.601591
169 429 0.913595 0.199066 -1.79324 -0.374154 0.291214 0.620647
194 400 0.921548 0.213934 -1.98871 -0.398895 0.289946 0.605652
578 -68 -0.450123 -0.17678 -1.61745 0.0241117 -0.294125 0.602419
542 -23 -0.505494 -0.207455 -1.79762 -0.00876862 -0.284244 0.60756
515 9 -0.502841 -0.193487 -1.99993 2.7425e-005 -0.309584 0.595112
606 174 -0.5377 0.278816 -1.59158 -0.0157427 -0.288825 0.605254
565 185 -0.502784 0.304463 -1.79847 0.0255244 -0.2819 0.608178
533 190 -0.518827 0.345594 -1.98781 0.000633811 -0.295381 0.602287
632 421 -0.531569 0.75756 -1.61045 -0.000660889 -0.301002 0.599498
588 390 -0.485973 0.804492 -1.80184 0.0115964 -0.289706 0.604926
555 369 -0.490094 0.806483 -1.99985 -0.0198758 -0.31166 0.593694
335 -42 -0.011507 -0.211994 -1.59841 -0.00140384 -0.29534 0.602306
335 0 -0.0594113 -0.247412 -1.79311 -0.00108532 -0.327583 0.585396
336 31 -0.0154433 -0.196974 -2.00024 0.000390275 -0.301129 0.599434
359 200 0.00474565 0.300835 -1.59984 -0.000658487 -0.301031 0.599483
354 206 0.0437282 0.288917 -1.80128 0.0127145 -0.312576 0.593409
356 207 -0.0203814 0.314862 -1.99761 0.0123389 -0.312273 0.593577
380 444 0.00117354 0.807852 -1.59605 -0.00576949 -0.297136 0.601396
374 408 0.0145459 0.754851 -1.81934 -0.00673287 -0.297327 0.601291
374 386 -0.0764266 0.829457 -1.98649 -0.0189569 -0.309039 0.595093
93 -12 0.497965 -0.189916 -1.60186 -0.0062994 -0.29788 0.601022
132 23 0.498691 -0.236382 -1.79595 -0.00489725 -0.297877 0.601037
159 49 0.503841 -0.206792 -1.99834 -0.0057448 -0.275555 0.611585
118 223 0.498185 0.335933 -1.59341 0.00964684 -0.302122 0.598857
152 226 0.496994 0.297861 -1.80119 0.00673152 -0.293154 0.603337
179 224 0.487997 0.326056 -1.99889 -0.00252883 -0.297957 0.601012
140 467 0.49155 0.821505 -1.5917 0.0125765 -0.300015 0.599861
171 427 0.507769 0.762771 -1.81393 -0.0184913 -0.291254 0.604011
196 400 0.494554 0.775051 -2.01115 -0.00176965 -0.299702 0.600146
578 -69 -0.493394 -0.516912 -1.59667 -0.0035139 0.0033461 0.59998
543 -23 -0.498859 -0.489447 -1.80321 -0.00032135 -9.79556e-005 0.6
517 10 -0.546804 -0.441777 -2.00146 -0.00802603 0.0153712 0.599749
604 173 -0.511735 -0.00631408 -1.59627 -0.000344368 -0.013614 0.599845
562 183 -0.495245 0.032903 -1.80101 -0.00844003 0.0182526 0.599663
532 189 -0.468453 -0.0872867 -2.00572 -0.00225508 -0.013869 0.599835
631 423 -0.509177 0.501631 -1.59659 -0.00972501 -0.00904093 0.599853
586 391 -0.471769 0.533944 -1.79787 0.0127936 -0.00478933 0.599845
551 370 -0.498959 0.421703 -2.01822 0.0047936 -0.00935978 0.599908
333 -41 0.0290104 -0.466567 -1.60981 -0.00192586 -0.000471206 0.599997
337 -2 0.00656723 -0.52445 -1.79302 -0.010648 0.021654 0.599515
337 28 0.000510198 -0.500504 -1.99987 0.0114467 0.00793079 0.599838
358 200 -0.000163182 -0.00793967 -1.59998 -0.0158092 -0.00750984 0.599745
353 204 -0.0312572 0.058231 -1.79879 0.000407527 -0.00257185 0.599994
355 205 0.04407 -0.0569464 -1.9987 0.0112045 -0.0122066 0.599771
381 444 0.0200342 0.489657 -1.60307 -0.000287648 0.00385694 0.599988
375 410 0.0245428 0.44056 -1.8153 -0.0132247 -0.0158987 0.599644
371 385 -0.0225324 0.440105 -2.0139 0.00490892 0.0129558 0.59984
93 -14 0.517358 -0.53808 -1.58203 0.00409217 -0.0167256 0.599753
133 24 0.47846 -0.498225 -1.80634 -0.00283658 0.0156282 0.59979
159 49 0.495865 -0.497763 -2.00159 0.0138586 -0.02148 0.599455
117 225 0.52575 0.0209135 -1.59159 -0.0128125 -0.00662694 0.599827
154 226 0.525467 0.0346708 -1.7924 0.00395076 0.00347628 0.599977
175 227 0.490105 -0.0737754 -2.00109 0.00387533 -0.0168674 0.59975
141 464 0.499812 0.49992 -1.60008 -0.0196599 0.0145033 0.599502
173 429 0.492395 0.50818 -1.79981 -0.0103669 0.00083934 0.59991
194 400 0.498739 0.453517 -2.01136 -0.000396161 -0.00777335 0.59995
580 -69 -0.517671 -0.818777 -1.58481 0.00589443 0.320608 0.589216
544 -25 -0.516197 -0.799961 -1.79544 -0.00842105 0.301175 0.599352
516 10 -0.500052 -0.769367 -2.01197 -0.000415182 0.296454 0.60176
605 175 -0.459894 -0.283968 -1.61489 -0.000310952 0.300995 0.599502
565 185 -0.529278 -0.323938 -1.78744 0.0300685 0.307157 0.595609
533 191 -0.499951 -0.299981 -2.00002 -0.00562494 0.293961 0.602956
630 423 -0.501033 0.198415 -1.59987 0.00698645 0.298396 0.600759
586 392 -0.474285 0.25901 -1.79944 0.0145139 0.303412 0.598106
553 369 -0.474464 0.107804 -2.01327 0.00290594 0.30156 0.599211
335 -41 0.00282476 -0.809185 -1.59537 -0.00291402 0.314586 0.592476
337 -1 0.00526153 -0.813363 -1.79399 0.0135859 0.29989 0.599901
338 28 0.00599852 -0.74869 -2.01976 0.00588357 0.29203 0.603891
359 200 0.0178291 -0.315205 -1.59697 0.00789915 0.289422 0.605122
353 203 -0.0118649 -0.38751 -1.78317 -0.00678208 0.303605 0.598146
354 207 -0.000407562 -0.300987 -1.99985 0.0220788 0.290986 0.60402
384 444 0.00248756 0.187509 -1.60151 0.00894902 0.299271 0.600297
378 409 -0.0356599 0.2367 -1.79519 -0.00324174 0.295668 0.602138
370 384 0.055925 0.241328 -1.99465 -0.0177375 0.300742 0.599366
96 -12 0.494406 -0.806597 -1.59843 -0.00667318 0.282465 0.608415
133 20 0.4947 -0.805772 -1.79889 -0.0180298 0.281509 0.608628
160 48 0.479877 -0.723165 -2.0339 -0.0136243 0.302321 0.598679
115 226 0.5272 -0.325618 -1.5862 0.000336414 0.300454 0.599773
152 224 0.482351 -0.239349 -1.81385 -0.00626186 0.309887 0.594921
177 226 0.481585 -0.271502 -2.00857 -0.01819 0.32168 0.58838
141 465 0.471827 0.150135 -1.61395 -0.00797088 0.304385 0.597734
169 428 0.517879 0.161637 -1.7988 -0.0126375 0.297151 0.601283
196 403 0.504047 0.20452 -1.99853 0.00131361 0.299251 0.600373
577 -69 -0.891527 -0.280828 -1.59258 0.395353 -0.293376 0.606322
544 -22 -0.894804 -0.210346 -1.80141 0.402435 -0.319068 0.588423
516 12 -0.917054 -0.206534 -1.99157 0.407628 -0.296351 0.59667
604 175 -0.898192 0.330279 -1.59504 0.384034 -0.293487 0.613501
562 183 -0.90474 0.30199 -1.79729 0.411293 -0.301546 0.59153
532 188 -0.900158 0.234729 -2.00864 0.400065 -0.316649 0.591339
632 423 -0.956763 0.755461 -1.58867 0.370622 -0.314089 0.611545
585 391 -0.930505 0.830169 -1.77059 0.3851 -0.271593 0.622845
553 368 -0.864853 0.804027 -2.01384 0.401398 -0.316384 0.590577
332 -40 -0.396941 -0.220796 -1.59803 0.389805 -0.289851 0.611587
335 0 -0.445936 -0.201594 -1.78899 0.378021 -0.284712 0.621321
335 28 -0.386536 -0.199336 -2.00271 0.381241 -0.276892 0.622885
356 198 -0.403654 0.293612 -1.60027 0.42153 -0.279101 0.595327
357 204 -0.397736 0.290234 -1.8021 0.399585 -0.308223 0.596096
353 206 -0.357563 0.317771 -2.00529 0.392498 -0.31257 0.598535
380 444 -0.363267 0.861331 -1.57675 0.420566 -0.29667 0.587462
378 411 -0.399898 0.815169 -1.7932 0.406224 -0.30069 0.595456
372 388 -0.418269 0.787912 -2.00106 0.381354 -0.311316 0.606343
94 -14 0.0352967 -0.189103 -1.60406 0.396927 -0.289158 0.607319
131 22 0.154974 -0.16232 -1.7999 0.399459 -0.30106 0.59983
161 50 0.0334054 -0.183591 -2.00379 0.39818 -0.304795 0.598793
117 226 0.165758 0.268183 -1.60019 0.402472 -0.291397 0.602581
150 222 0.100159 0.289139 -1.80177 0.390153 -0.302554 0.605179
176 225 0.0955556 0.308962 -1.99885 0.401318 -0.305445 0.596362
140 467 0.100261 0.79482 -1.60256 0.397865 -0.306613 0.598074
172 427 0.132723 0.805689 -1.79534 0.400398 -0.299539 0.599965
193 400 0.0650055 0.841112 -1.98452 0.39143 -0.307948 0.601624
577 -71 -0.890272 -0.520439 -1.59892 0.419788 0.00452706 0.586308
544 -23 -0.896741 -0.501953 -1.80108 0.396836 -0.000938553 0.602096
515 11 -0.834839 -0.526801 -2.02127 0.4046 -0.00821753 0.596851
602 176 -0.891144 -0.043598 -1.60436 0.3898 -0.00193592 0.606673
563 183 -0.882117 -0.0117977 -1.80879 0.400154 -0.00187622 0.599894
533 188 -0.871025 -0.0767889 -2.01132 0.412755 -0.0176006 0.591036
630 425 -0.936304 0.532593 -1.56834 0.400028 -8.6878e-005 0.599982
585 391 -0.886084 0.5321 -1.7977 0.409351 0.00980944 0.593579
552 371 -0.926208 0.520075 -1.98284 0.398455 0.020104 0.600691
331 -40 -0.407616 -0.51172 -1.59436 0.400196 0.00738496 0.599824
333 2 -0.435128 -0.449067 -1.80527 0.398726 0.00565702 0.600821
334 29 -0.390952 -0.409967 -2.02215 0.402976 0.000335701 0.598005
359 198 -0.41923 -0.00416782 -1.59506 0.399632 0.0222259 0.599834
354 203 -0.350277 -0.00846284 -1.81031 0.412765 -0.0277954 0.590638
356 209 -0.444762 0.00040402 -1.99052 0.393064 -0.00186921 0.604564
384 444 -0.369264 0.464588 -1.61796 0.411478 0.0142695 0.592016
376 411 -0.392765 0.46222 -1.81165 0.398267 -0.00426059 0.601136
372 387 -0.384988 0.511223 -2.00011 0.407548 -0.00212587 0.594895
95 -14 0.105355 -0.503829 -1.59845 0.391749 0.014192 0.605253
131 24 0.048011 -0.481787 -1.80709 0.395573 0.0255453 0.602387
161 50 0.114959 -0.48636 -2.00256 0.400344 -0.000120702 0.59977
115 225 0.147274 0.0178311 -1.59624 0.407489 0.0127668 0.594802
151 222 0.0513096 0.0632012 -1.80094 0.400211 0.00172387 0.599857
177 224 0.0966059 0.0346578 -1.99987 0.386834 -0.0215498 0.60819
139 465 0.124054 0.56961 -1.57485 0.40069 -0.00260827 0.599534
169 429 0.0988424 0.503144 -1.79919 0.397847 0.00439406 0.601414
194 404 0.0825128 0.545419 -1.9889 0.399839 0.00145439 0.600106
579 -69 -0.891326 -0.82994 -1.58957 0.408377 0.274563 0.606501
542 -23 -0.869699 -0.79574 -1.81671 0.402757 0.293209 0.601511
513 9 -0.90453 -0.804438 -1.99617 0.404208 0.278908 0.607311
606 176 -0.889793 -0.272184 -1.61065 0.400993 0.295732 0.601454
566 183 -0.915061 -0.331651 -1.78681 0.423348 0.301689 0.582889
532 189 -0.903397 -0.274885 -2.00208 0.374628 0.306525 0.612941
630 423 -0.869948 0.190761 -1.61765 0.402375 0.304654 0.596054
588 392 -0.889358 0.224679 -1.80238 0.405941 0.283885 0.603839
551 369 -0.899293 0.202556 -2.00006 0.402932 0.302737 0.596654
333 -41 -0.455097 -0.761692 -1.60397 0.393564 0.297927 0.605266
337 0 -0.395721 -0.810758 -1.79613 0.414087 0.304117 0.588256
338 27 -0.407963 -0.83735 -1.98303 0.401832 0.306189 0.595633
357 199 -0.372805 -0.319275 -1.60283 0.385144 0.298161 0.610544
354 203 -0.420791 -0.322677 -1.79132 0.404129 0.283884 0.605053
353 209 -0.385949 -0.308348 -2.00149 0.388494 0.300012 0.607507
381 443 -0.415981 0.216752 -1.59373 0.394569 0.294398 0.606338
377 408 -0.405598 0.207575 -1.79789 0.410338 0.297752 0.59411
374 386 -0.372419 0.205784 -2.00473 0.393808 0.312143 0.597898
96 -15 0.0999647 -0.799254 -1.60038 0.398872 0.303118 0.599183
134 21 0.109931 -0.81356 -1.79333 0.3967 0.302598 0.600885
159 50 0.108246 -0.801277 -1.99906 0.400522 0.2918 0.603685
115 223 0.0833632 -0.285438 -1.60361 0.385338 0.306966 0.606042
152 224 0.102338 -0.257197 -1.80648 0.40376 0.30143 0.596756
175 227 0.0165731 -0.325054 -1.99852 0.405716 0.293326 0.599462
140 464 0.0942617 0.197817 -1.60062 0.390557 0.298613 0.606873
173 431 0.144521 0.176324 -1.79945 0.396089 0.293898 0.605589
194 402 0.0879411 0.211579 -1.99938 0.419654 0.301839 0.585477
578 -69 -0.122994 -0.172751 -1.90132 -0.421195 -0.290687 0.893362
540 -25 -0.0763002 -0.193185 -2.10163 -0.394073 -0.300682 0.902384
514 10 -0.0844712 -0.31069 -2.2883 -0.407011 -0.290115 0.900097
604 174 -0.078771 0.328251 -1.89632 -0.393909 -0.338492 0.888965
566 184 -0.0847243 0.345056 -2.09374 -0.388215 -0.313076 0.900707
534 189 -0.091894 0.35137 -2.29305 -0.417748 -0.304972 0.890213
630 423 -0.147113 0.868836 -1.86641 -0.3976 -0.313231 0.896549
584 393 -0.149783 0.826182 -2.08686 -0.43158 -0.32973 0.874652
553 371 -0.180851 0.839929 -2.28075 -0.416939 -0.273974 0.900611
331 -39 0.431294 -0.276677 -1.88346 -0.3963 -0.312727 0.897301
337 0 0.410324 -0.205596 -2.09747 -0.394211 -0.311524 0.898638
338 31 0.36144 -0.146116 -2.31041 -0.424676 -0.260836 0.900897
356 199 0.389139 0.324257 -1.89827 -0.408037 -0.279551 0.902971
355 204 0.437596 0.301746 -2.09224 -0.395627 -0.335355 0.889391
356 207 0.391212 0.329985 -2.2974 -0.390579 -0.304516 0.902617
381 442 0.422428 0.797689 -1.89611 -0.387933 -0.30723 0.902839
375 411 0.41995 0.855552 -2.07405 -0.426996 -0.281938 0.893412
373 384 0.409619 0.826768 -2.28881 -0.416247 -0.290519 0.895733
95 -14 0.922341 -0.203799 -1.88885 -0.376393 -0.294025 0.912073
135 22 0.880271 -0.14035 -2.11316 -0.40098 -0.295524 0.901044
161 50 0.876655 -0.177529 -2.31084 -0.394271 -0.334621 0.890269
118 225 0.868571 0.308297 -1.91325 -0.383121 -0.302761 0.906396
151 223 0.890938 0.305115 -2.10312 -0.417276 -0.286266 0.896623
177 224 0.90079 0.29696 -2.30009 -0.413831 -0.292262 0.896285
141 465 0.851576 0.848517 -1.90127 -0.410379 -0.287453 0.899422
171 428 0.993727 0.765309 -2.07046 -0.40655 -0.306149 0.89498
194 402 0.816477 0.768879 -2.34141 -0.40122 -0.306424 0.897289
580 -69 -0.0663235 -0.432443 -1.91797 -0.377412 -0.005852 0.909685
542 -21 -0.155004 -0.448091 -2.10836 -0.410285 0.00347717 0.895351
517 11 -0.0627144 -0.541453 -2.29192 -0.39486 0.0272356 0.901856
606 174 -0.142602 -0.00800574 -1.89726 -0.405288 -0.00383474 0.897623
562 181 -0.0637128 -0.0464428 -2.1009 -0.401432 -0.00288274 0.899358
533 190 -0.0920257 -0.0629883 -2.29947 -0.400709 -0.00717085 0.899656
628 422 -0.119132 0.502529 -1.89823 -0.397676 -0.0123418 0.900945
584 392 -0.00858571 0.441944 -2.11533 -0.400343 -0.000146184 0.899847
554 369 -0.102679 0.495735 -2.3008 -0.39957 -0.000747428 0.900191
331 -39 0.40632 -0.57378 -1.87768 -0.400056 -0.00715523 0.899947
334 2 0.399927 -0.506873 -2.09837 -0.382675 -0.0139009 0.907395
336 27 0.468721 -0.516629 -2.28329 -0.41325 0.0359048 0.893272
357 202 0.38381 0.0127342 -1.90329 -0.403488 0.00508806 0.898427
354 203 0.404752 0.0126529 -2.09905 -0.397711 -0.0077742 0.90098
352 208 0.352124 0.0534028 -2.3072 -0.408543 0.000801428 0.896154
384 444 0.386437 0.491649 -1.90498 -0.409431 0.00177032 0.895747
377 412 0.382008 0.569674 -2.08556 -0.411417 0.00994139 0.894783
372 386 0.477927 0.515333 -2.28167 -0.429769 0.0197342 0.885951
97 -15 0.894774 -0.50139 -1.9021 -0.394742 0.0100909 0.902262
134 22 0.89124 -0.50137 -2.10341 -0.374695 -0.00192096 0.910824
161 49 0.870806 -0.606957 -2.28545 -0.39734 -0.00188187 0.901175
118 225 0.904201 -0.00515163 -1.898 -0.397814 -0.0277838 0.90054
153 225 0.948661 0.0819757 -2.07685 -0.391559 -0.00425431 0.903694
176 225 0.908952 0.0280346 -2.29631 -0.399192 -0.0385168 0.899534
139 467 0.864818 0.517091 -1.91173 -0.399895 0.000365245 0.900047
173 431 0.934193 0.530444 -2.07748 -0.395524 -0.00973188 0.901924
194 401 0.893631 0.509857 -2.30032 -0.424517 0.037345 0.887914
578 -68 -0.0859143 -0.882585 -1.86378 -0.412253 0.280244 0.900839
541 -23 -0.195291 -0.765205 -2.10626 -0.359416 0.292036 0.91953
514 12 -0.0732935 -0.819343 -2.29419 -0.384764 0.335359 0.894143
603 175 -0.112266 -0.298227 -1.89959 -0.404534 0.301371 0.897512
564 183 -0.112991 -0.290622 -2.10066 -0.399966 0.300014 0.90001
533 191 -0.026837 -0.210106 -2.31195 -0.387522 0.276954 0.912756
628 425 -0.106225 0.206163 -1.899 -0.398409 0.310703 0.89707
584 392 -0.084372 0.190963 -2.10153 -0.396583 0.279749 0.907999
554 370 -0.11658 0.166075 -2.30192 -0.389761 0.263774 0.915702
332 -40 0.41008 -0.819746 -1.8894 -0.404467 0.296561 0.899143
337 0 0.387187 -0.795278 -2.10419 -0.387698 0.261111 0.917339
336 29 0.468092 -0.742332 -2.30648 -0.366601 0.297754 0.914848
355 198 0.342041 -0.334919 -1.90548 -0.386016 0.306104 0.904042
353 203 0.395592 -0.302213 -2.10052 -0.404206 0.301173 0.897726
353 207 0.399725 -0.311568 -2.29851 -0.407123 0.340781 0.882111
381 444 0.407069 0.19308 -1.89921 -0.400755 0.280358 0.905977
378 411 0.37293 0.215699 -2.10343 -0.402908 0.302711 0.897792
374 386 0.381253 0.254858 -2.29776 -0.37479 0.274785 0.918709
97 -15 0.846067 -0.837085 -1.90879 -0.399616 0.313945 0.895402
134 23 0.912 -0.809358 -2.09122 -0.408602 0.306653 0.893873
160 48 0.915841 -0.790667 -2.29697 -0.4054 0.308059 0.894847
115 224 0.892189 -0.321371 -1.90019 -0.39877 0.31692 0.894732
150 223 0.895469 -0.292095 -2.10305 -0.374717 0.297668 0.911582
175 226 0.90733 -0.277468 -2.29995 -0.399236 0.291748 0.903047
138 466 0.910742 0.181667 -1.89672 -0.401053 0.29852 0.900023
173 429 0.98204 0.208008 -2.06212 -0.388706 0.312583 0.900666
194 402 0.887749 0.183187 -2.30615 -0.392008 0.297584 0.904308
576 -69 -0.512493 -0.210708 -1.89551 -8.84586e-005 -0.306161 0.897923
542 -22 -0.46757 -0.229247 -2.10448 -0.00470053 -0.281457 0.905958
513 12 -0.517298 -0.231148 -2.29325 -0.0120953 -0.302758 0.898995
606 176 -0.44901 0.370526 -1.90029 -0.00329703 -0.298715 0.900421
562 181 -0.535483 0.277315 -2.09436 -0.0101678 -0.313642 0.895279
532 190 -0.500369 0.295972 -2.30044 0.00123699 -0.268517 0.909889
630 423 -0.509901 0.81185 -1.89233 0.000792268 -0.300134 0.899955
586 392 -0.504674 0.786368 -2.10403 0.00164603 -0.272731 0.908634
552 369 -0.44712 0.760947 -2.32401 0.0134881 -0.297317 0.900789
332 -42 -0.0286847 -0.195702 -1.90023 -0.000516998 -0.307143 0.897587
336 2 0.0653805 -0.212154 -2.09779 0.0106166 -0.306273 0.897822
336 29 0.000860201 -0.204803 -2.29958 0.0126753 -0.306832 0.897604
356 200 -0.00932823 0.286072 -1.90212 -0.00113983 -0.317751 0.893886
355 205 0.0133733 0.307777 -2.09883 0.0161523 -0.277245 0.907124
352 206 0.0127631 0.310615 -2.29856 -0.0156265 -0.291676 0.902597
381 444 -0.00142506 0.799579 -1.90018 -1.78898e-005 -0.299848 0.900051
377 409 -0.0521734 0.806192 -2.09698 -0.00631348 -0.292458 0.902457
370 384 -0.0122295 0.800921 -2.29965 -0.00388747 -0.267683 0.910127
96 -11 0.489967 -0.188286 -1.90381 0.0032688 -0.288851 0.903634
132 22 0.501419 -0.206762 -2.09901 0.00290769 -0.294853 0.901695
161 51 0.492456 -0.224162 -2.2994 -0.018202 -0.298694 0.90025
117 223 0.496102 0.295431 -1.90174 -0.0195794 -0.287432 0.90388
151 226 0.502998 0.24151 -2.10681 -0.000143843 -0.285656 0.904655
178 225 0.403885 0.322099 -2.31584 -0.0382104 -0.295587 0.900649
140 465 0.487024 0.81211 -1.89823 -0.00749991 -0.285357 0.904718
173 429 0.538212 0.821939 -2.082 -0.0174629 -0.309685 0.896544
195 401 0.488417 0.795273 -2.30412 -0.0277563 -0.297218 0.900495
579 -68 -0.461011 -0.49728 -1.91054 -0.00177885 -0.0131097 0.899903
543 -23 -0.428311 -0.549104 -2.10358 -0.00179168 -0.0336944 0.899367
516 11 -0.517156 -0.509775 -2.29405 0.0268166 0.01166 0.899525
604 176 -0.467968 -0.00582122 -1.90813 -3.11255e-006 -0.00655873 0.899976
565 185 -0.499796 0.000163632 -2.10005 -0.000329296 -0.00765955 0.899967
534 189 -0.498231 -0.0115117 -2.30036 0.00427103 -0.017499 0.89982
630 423 -0.48894 0.499117 -1.90311 0.00431108 0.0136129 0.899887
587 391 -0.502747 0.523178 -2.09369 0.00621029 0.00341863 0.899972
553 369 -0.525014 0.502035 -2.29397 0.0214104 -0.0145069 0.899628
333 -43 0.0241569 -0.454643 -1.91121 -0.0020826 0.00453627 0.899986
336 1 -0.054284 -0.453644 -2.1098 0.0299942 -0.00565009 0.899482
338 31 -0.000610541 -0.50005 -2.29999 0.000654938 0.0187052 0.899805
355 200 -0.0041465 0.00434023 -1.89999 -0.010767 -0.00296886 0.899931
357 204 -0.0252557 0.0906303 -2.09789 0.0118743 0.00903352 0.899876
352 209 -0.00695513 -0.0035083 -2.29999 -0.00716268 -0.0242974 0.899643
380 444 0.0624653 0.496072 -1.9 0.0018102 -0.0011583 0.899997
377 408 0.0367695 0.421142 -2.11691 0.0186103 0.0199835 0.899586
373 387 0.00760731 0.579417 -2.28128 -0.0104875 -0.0261786 0.899558
95 -15 0.505114 -0.511069 -1.8957 -0.000113532 -0.00284104 0.899996
133 21 0.508723 -0.479587 -2.10266 0.0187571 -0.00395522 0.899796
161 49 0.500927 -0.511216 -2.29733 0.0043032 0.0112353 0.89992
118 224 0.47937 0.0163929 -1.90524 0.0184799 0.00396151 0.899801
151 225 0.477088 -0.0183733 -2.10524 0.0116301 -0.0128066 0.899834
178 227 0.49902 0.0560521 -2.29953 0.00839979 0.00784036 0.899927
140 463 0.504427 0.470585 -1.90633 -0.00169451 -0.016345 0.89985
170 429 0.505708 0.52336 -2.09293 0.0162117 -0.00257841 0.89985
194 400 0.486279 0.487439 -2.30563 0.000996306 -0.0267957 0.8996
578 -71 -0.496517 -0.799327 -1.9012 -0.0119625 0.297858 0.900632
542 -23 -0.554206 -0.724858 -2.11363 -0.00467335 0.313105 0.895513
514 12 -0.505178 -0.882354 -2.26853 -0.00295784 0.284999 0.904857
603 175 -0.440969 -0.305734 -1.91365 0.011281 0.321979 0.892302
563 183 -0.492539 -0.293992 -2.10261 0.00349354 0.295683 0.901421
535 191 -0.465447 -0.302555 -2.30691 -0.0163041 0.296624 0.900971
628 423 -0.437836 0.186214 -1.91667 -0.0146074 0.308964 0.896843
585 392 -0.499974 0.120664 -2.10605 -0.0294411 0.285125 0.904343
552 369 -0.526797 0.132079 -2.29892 0.0115987 0.28709 0.904127
333 -41 -0.0252516 -0.795862 -1.90157 -0.0177533 0.327493 0.890187
334 2 0.0701113 -0.817035 -2.09226 0.00491396 0.296214 0.90124
336 28 -0.027742 -0.821422 -2.29227 0.0100374 0.288865 0.90358
357 199 -0.00566232 -0.305158 -1.89917 -0.00140338 0.294432 0.901836
355 206 0.0416341 -0.33258 -2.09467 0.017808 0.289231 0.903343
355 207 -0.0115488 -0.31859 -2.29747 -0.00460614 0.295127 0.901598
382 444 -0.00860523 0.103443 -1.90768 -0.00360315 0.30062 0.899786
374 408 0.0204187 0.196654 -2.10022 0.0294615 0.30703 0.897142
372 384 -0.0196237 0.216961 -2.29838 0.00729158 0.317057 0.894104
93 -15 0.514877 -0.843243 -1.87719 -0.00375688 0.315353 0.894728
131 23 0.530523 -0.714319 -2.12327 -0.000280483 0.300613 0.899795
162 50 0.506168 -0.799719 -2.29875 -0.00481304 0.32389 0.891668
119 225 0.503742 -0.314984 -1.89658 -0.00108565 0.303583 0.898797
152 225 0.494734 -0.209899 -2.11215 -0.0167961 0.308219 0.897061
179 224 0.501818 -0.300198 -2.29958 -0.00184914 0.299446 0.900183
142 464 0.49381 0.169255 -1.9046 -0.0151126 0.301515 0.899367
173 429 0.538946 0.213293 -2.08903 0.0184233 0.327454 0.890188
195 401 0.498843 0.138037 -2.3048 -0.00284497 0.322726 0.892099
580 -68 -0.880171 -0.230387 -1.90584 0.395524 -0.304506 0.900465
541 -24 -0.839891 -0.196721 -2.12506 0.403653 -0.295278 0.899931
516 10 -0.938437 -0.214716 -2.28325 0.400253 -0.299898 0.899921
604 173 -0.873125 0.269465 -1.91704 0.410207 -0.281396 0.901414
566 185 -0.912676 0.297612 -2.09486 0.411658 -0.313873 0.889956
535 189 -0.873929 0.196917 -2.32109 0.416349 -0.313991 0.887729
632 423 -0.907315 0.789157 -1.90106 0.434177 -0.262949 0.895739
584 390 -0.899427 0.799913 -2.10028 0.383997 -0.32002 0.900074
551 368 -0.837775 0.882219 -2.29343 0.396236 -0.298781 0.902068
333 -42 -0.397848 -0.174981 -1.90292 0.403243 -0.296455 0.899727
335 -2 -0.35248 -0.184529 -2.10991 0.409836 -0.280002 0.902016
335 29 -0.433866 -0.234817 -2.29055 0.387917 -0.309029 0.902232
357 199 -0.415064 0.308157 -1.89546 0.421223 -0.311961 0.886144
355 206 -0.33966 0.275398 -2.11395 0.388499 -0.298355 0.905568
355 207 -0.401174 0.263363 -2.30428 0.386023 -0.327917 0.896357
382 444 -0.392655 0.789295 -1.906 0.41923 -0.339143 0.877056
375 412 -0.375657 0.769298 -2.11591 0.388829 -0.340678 0.890365
370 388 -0.347737 0.892705 -2.27424 0.409433 -0.292274 0.898299
94 -13 0.125629 -0.196823 -1.89881 0.385334 -0.299971 0.906386
132 22 0.103354 -0.198755 -2.09996 0.393697 -0.310718 0.899142
159 50 0.0223412 -0.188024 -2.30307 0.386995 -0.277237 0.912894
119 225 0.0452716 0.319372 -1.89893 0.387521 -0.313466 0.90087
154 223 0.0860576 0.324153 -2.09703 0.417993 -0.298304 0.892355
175 223 0.161478 0.3663 -2.28686 0.40218 -0.285894 0.903613
140 465 0.0825778 0.780646 -1.90887 0.378559 -0.272727 0.917776
172 431 0.0748385 0.758251 -2.11647 0.396218 -0.30615 0.899602
193 403 0.0785902 0.805091 -2.29905 0.396579 -0.294553 0.903307
578 -70 -0.86722 -0.52467 -1.90857 0.40646 0.0352781 0.896407
542 -25 -0.90315 -0.492396 -2.10044 0.38442 -0.00878734 0.906721
514 12 -0.891667 -0.51228 -2.30054 0.376998 0.0236433 0.909568
604 176 -0.928083 0.0614679 -1.88544 0.39658 -0.00834391 0.901473
564 184 -0.865212 0.0157493 -2.11451 0.410184 -0.00635712 0.895382
533 187 -0.889266 -0.0186229 -2.3041 0.400741 -0.00108638 0.89967
630 422 -0.882889 0.522307 -1.90203 0.396239 -0.0111526 0.901593
586 393 -0.891699 0.48561 -2.10691 0.401084 -0.000864135 0.899517
553 368 -0.890626 0.48473 -2.30691 0.382017 0.00564535 0.907762
331 -41 -0.405333 -0.54333 -1.88693 0.43008 0.00338439 0.886014
335 1 -0.406852 -0.499464 -2.09881 0.410292 0.0246228 0.895016
337 29 -0.381832 -0.506623 -2.30164 0.393638 -0.00558771 0.902783
357 198 -0.430359 -0.00991087 -1.89333 0.393448 0.00027353 0.902883
357 202 -0.402556 -0.00786727 -2.0995 0.404077 -0.0172167 0.898012
354 209 -0.409519 -0.00542266 -2.29832 0.399491 -0.00171732 0.900224
382 442 -0.402874 0.491404 -1.90163 0.399993 -8.95387e-005 0.900003
376 410 -0.374695 0.457615 -2.11428 0.396919 0.000769701 0.901363
374 384 -0.375612 0.470077 -2.3104 0.398779 -0.00297462 0.900537
93 -14 0.141729 -0.442104 -1.91166 0.409695 0.0449513 0.8945
135 24 0.0929165 -0.448052 -2.11202 0.38543 -0.00745746 0.906305
161 51 0.104634 -0.50277 -2.29919 0.400507 -0.000201146 0.899774
115 226 0.119364 -0.0100443 -1.89886 0.362647 0.00855751 0.915649
154 224 0.124945 0.00734696 -2.09865 0.420032 -0.0303026 0.890312
175 224 0.0949998 0.0142298 -2.30017 0.400512 -0.00727414 0.899743
142 463 0.138963 0.510071 -1.89487 0.397519 0.00653972 0.901075
173 431 0.0887416 0.449749 -2.11184 0.399068 0.00211398 0.900411
194 403 0.0707319 0.44359 -2.31262 0.40084 0.00772648 0.899593
578 -71 -0.883815 -0.780312 -1.91572 0.400178 0.297257 0.900831
544 -25 -0.871285 -0.805079 -2.11015 0.369859 0.325409 0.904054
517 11 -1.01285 -0.818547 -2.24591 0.433235 0.287879 0.888501
603 174 -0.901745 -0.297388 -1.89958 0.412253 0.270774 0.903731
564 185 -0.854334 -0.249681 -2.12551 0.393124 0.323435 0.894898
536 190 -0.891194 -0.309925 -2.30211 0.400568 0.298884 0.900119
631 425 -0.88974 0.20742 -1.90403 0.413588 0.310768 0.890151
586 390 -0.891714 0.180222 -2.10532 0.418858 0.279608 0.897985
552 370 -0.83157 0.210143 -2.32472 0.389258 0.270373 0.91399
334 -42 -0.392584 -0.792362 -1.90474 0.40351 0.307396 0.895928
333 2 -0.419514 -0.813068 -2.09116 0.426765 0.277075 0.895042
335 30 -0.400472 -0.804727 -2.29827 0.38243 0.331206 0.896688
357 198 -0.491461 -0.294393 -1.87931 0.399833 0.300771 0.899817
354 205 -0.419731 -0.280614 -2.09883 0.386874 0.295791 0.907103
356 207 -0.404126 -0.293658 -2.3001 0.413993 0.317184 0.887696
382 444 -0.421596 0.171477 -1.89812 0.381196 0.267839 0.918124
374 408 -0.390945 0.249383 -2.09642 0.37471 0.335088 0.898504
370 385 -0.395749 0.204713 -2.30032 0.358058 0.316187 0.912042
95 -11 0.0924744 -0.858252 -1.87479 0.391159 0.294723 0.905612
133 20 0.138167 -0.795115 -2.09969 0.421396 0.294169 0.892127
161 49 0.0810787 -0.759272 -2.3145 0.409467 0.295254 0.897308
117 225 0.0910816 -0.302132 -1.90011 0.399903 0.299915 0.900071
150 222 0.110823 -0.296218 -2.09999 0.416401 0.295965 0.893876
177 224 0.104182 -0.344747 -2.29353 0.395362 0.30701 0.899685
142 465 0.138625 0.278049 -1.88772 0.396791 0.284062 0.906568
169 430 0.111898 0.24527 -2.09459 0.400393 0.28879 0.903485
192 404 0.124748 0.276311 -2.29087 0.409782 0.313962 0.89079
576 -71 -0.142594 -0.24957 -2.19257 -0.394076 -0.317694 1.1974
543 -23 -0.099043 -0.226786 -2.39766 -0.398422 -0.304326 1.19944
517 9 -0.0997789 -0.199702 -2.60003 -0.387353 -0.337062 1.1943
603 175 -0.134494 0.319188 -2.19546 -0.372428 -0.280756 1.21346
563 183 -0.131438 0.340179 -2.39312 -0.44063 -0.311377 1.18275
532 187 -0.085276 0.234057 -2.60729 -0.402966 -0.300007 1.19901
631 423 -0.0950114 0.721724 -2.22713 -0.39971 -0.299545 1.20021
588 391 -0.0872445 0.898413 -2.36543 -0.400839 -0.302528 1.19908
552 369 -0.0935438 0.744025 -2.61681 -0.429865 -0.274452 1.19578
332 -40 0.331882 -0.243824 -2.2069 -0.382223 -0.306745 1.20408
334 2 0.382761 -0.302509 -2.39207 -0.39719 -0.30502 1.19967
336 29 0.400021 -0.197111 -2.60022 -0.407286 -0.290919 1.19979
356 198 0.401549 0.297649 -2.20004 -0.405463 -0.271388 1.20497
355 206 0.4076 0.234035 -2.40605 -0.394224 -0.254485 1.21236
353 207 0.410489 0.311654 -2.59699 -0.387698 -0.298893 1.20431
382 443 0.342103 0.74894 -2.22757 -0.399845 -0.299306 1.20023
378 409 0.433965 0.812167 -2.38999 -0.398769 -0.301361 1.20007
371 385 0.379864 0.819582 -2.59692 -0.391574 -0.302159 1.20224
97 -11 0.908425 -0.200296 -2.19651 -0.396539 -0.298229 1.20159
134 20 0.949067 -0.209096 -2.38024 -0.401575 -0.249051 1.21108
163 49 0.902671 -0.20133 -2.59897 -0.421525 -0.292668 1.19443
116 224 0.90099 0.278544 -2.20241 -0.413867 -0.271069 1.20218
152 223 0.959487 0.291056 -2.37796 -0.420315 -0.293867 1.19456
176 224 0.930728 0.434883 -2.56995 -0.381496 -0.361619 1.18899
141 465 0.90129 0.782989 -2.20559 -0.372766 -0.279597 1.21362
170 427 0.916851 0.876173 -2.36679 -0.395255 -0.338404 1.19133
192 400 1.01239 0.781325 -2.5641 -0.376673 -0.306001 1.20602
578 -70 -0.00517902 -0.497845 -2.20275 -0.408454 0.041857 1.19642
542 -23 -0.118467 -0.471616 -2.4049 -0.421144 -0.0502586 1.19168
517 10 -0.0791026 -0.550145 -2.59058 -0.39503 -0.0276485 1.20133
604 176 -0.0543142 -0.0188792 -2.20152 -0.385416 0.0281274 1.20443
564 183 -0.0856136 -0.00491445 -2.40055 -0.408864 0.023944 1.19677
534 190 -0.100654 -0.00186311 -2.59997 -0.395801 0.0522605 1.20025
631 425 -0.104752 0.59658 -2.17557 -0.403075 -0.00746518 1.19895
586 392 -0.115843 0.570648 -2.38347 -0.397258 0.00120891 1.20091
555 369 -0.0689517 0.525801 -2.59592 -0.399806 -0.000252315 1.20006
335 -41 0.382534 -0.551306 -2.19083 -0.378999 -0.024277 1.20655
337 1 0.376138 -0.488826 -2.40615 -0.397044 0.0171019 1.20086
337 29 0.329225 -0.530321 -2.60391 -0.36911 -0.0138931 1.20978
357 200 0.402915 0.00783576 -2.19945 -0.456507 0.00793898 1.17963
357 202 0.403145 0.0688722 -2.39849 -0.415595 -0.0273274 1.19438
354 209 0.401053 0.0256918 -2.59971 -0.401686 -0.0593158 1.19797
381 444 0.397545 0.476121 -2.20573 -0.397949 -0.0134103 1.20061
378 410 0.349468 0.526988 -2.40211 -0.425183 -0.0187606 1.19116
371 387 0.403305 0.486671 -2.60202 -0.400234 0.000301021 1.19992
95 -15 0.913489 -0.472252 -2.20057 -0.397187 -0.00385753 1.20093
131 21 0.899792 -0.566781 -2.38519 -0.383672 0.0208661 1.20514
159 49 0.898889 -0.495871 -2.60117 -0.398894 -0.0214527 1.20018
117 224 0.894187 0.0332378 -2.20212 -0.398551 0.0522598 1.19934
152 222 0.900481 -0.00543594 -2.39981 -0.400937 0.0388912 1.19906
177 225 0.898533 0.0120669 -2.60048 -0.409189 0.00782134 1.19687
140 465 0.876949 0.569645 -2.19236 -0.410711 0.0478313 1.19542
173 427 0.939467 0.494781 -2.38592 -0.421056 -0.0141716 1.19269
193 403 0.932307 0.579661 -2.57192 -0.417923 -0.0291623 1.19352
578 -67 -0.116175 -0.754726 -2.21515 -0.434181 0.282283 1.19239
540 -23 -0.0960517 -0.79423 -2.40208 -0.39801 0.268662 1.20806
514 10 -0.092189 -0.82318 -2.59304 -0.380943 0.321932 1.20052
602 173 -0.125753 -0.302709 -2.19831 -0.399377 0.272242 1.20681
566 185 -0.103044 -0.297873 -2.40014 -0.378993 0.290411 1.20914
534 188 -0.0802298 -0.346773 -2.59486 -0.40573 0.250365 1.20942
631 424 -0.0467401 0.169025 -2.20437 -0.400035 0.299485 1.20012
588 394 -0.118442 0.232082 -2.39627 -0.365717 0.309025 1.20862
551 369 -0.108275 0.204435 -2.59932 -0.400102 0.300208 1.19991
333 -41 0.368411 -0.784485 -2.21108 -0.405797 0.319985 1.19287
336 0 0.400475 -0.800231 -2.39984 -0.41802 0.288893 1.19658
338 28 0.419988 -0.846561 -2.58204 -0.361143 0.262144 1.22101
358 201 0.463614 -0.277023 -2.19051 -0.387878 0.335612 1.19454
354 203 0.384956 -0.270044 -2.40601 -0.432079 0.311727 1.18581
355 209 0.294972 -0.254221 -2.61885 -0.399294 0.301356 1.1999
381 446 0.400486 0.199664 -2.19994 -0.401442 0.296951 1.20028
378 408 0.416618 0.198216 -2.39732 -0.409245 0.28589 1.20033
370 385 0.42358 0.159514 -2.59906 -0.407345 0.296574 1.19838
95 -11 0.866948 -0.855621 -2.19233 -0.409476 0.241757 1.20991
131 20 0.909613 -0.806659 -2.39414 -0.382719 0.303382 1.20478
159 50 0.87243 -0.771379 -2.61798 -0.398827 0.301064 1.20012
116 223 0.899605 -0.3039 -2.19963 -0.40005 0.303447 1.19912
153 224 0.89564 -0.304479 -2.40107 -0.421579 0.279404 1.19758
175 225 0.951413 -0.302126 -2.58138 -0.407893 0.310029 1.19478
140 467 0.846687 0.238621 -2.21725 -0.388496 0.303679 1.20285
171 427 0.93648 0.182162 -2.38743 -0.390723 0.274976 1.20902
194 404 0.887402 0.137963 -2.60835 -0.416628 0.316828 1.18998
580 -67 -0.497757 -0.207394 -2.19982 0.0335348 -0.33099 1.19135
542 -24 -0.502179 -0.0983714 -2.40586 0.00110766 -0.320801 1.19461
515 11 -0.493878 -0.151448 -2.60445 0.0407288 -0.272317 1.2059
606 173 -0.508952 0.312954 -2.19614 0.00392547 -0.310399 1.19735
562 184 -0.499683 0.301222 -2.39991 -0.0136377 -0.291511 1.20201
533 190 -0.496478 0.256817 -2.60529 -0.0251291 -0.312644 1.1965
630 424 -0.467561 0.762241 -2.22044 -0.0258713 -0.311091 1.19689
584 391 -0.574037 0.738107 -2.40326 0.00917968 -0.289003 1.20266
555 369 -0.48803 0.796159 -2.60345 0.0113685 -0.296623 1.20079
332 -39 0.00635606 -0.203674 -2.19965 0.00654007 -0.280531 1.20468
336 0 0.00158927 -0.291425 -2.39062 0.0123126 -0.312119 1.19684
338 29 0.077115 -0.253491 -2.59418 0.00172555 -0.357072 1.18427
356 198 -0.057588 0.343618 -2.19285 -0.0188072 -0.309255 1.1975
355 203 0.0098948 0.329843 -2.39606 -0.00019807 -0.295788 1.20105
356 206 0.0303582 0.298086 -2.60004 -0.0212537 -0.308351 1.19769
382 446 0.00771378 0.777743 -2.20795 0.00726939 -0.303825 1.19902
376 412 -0.015121 0.824367 -2.39169 -0.0104106 -0.322556 1.19409
373 385 0.0306807 0.793052 -2.60195 -0.00243368 -0.302041 1.19949
94 -13 0.483418 -0.208084 -2.20295 0.0047693 -0.275646 1.20582
135 23 0.49868 -0.196318 -2.40058 0.00565375 -0.314257 1.19633
159 51 0.515191 -0.17755 -2.59866 -0.00713496 -0.300125 1.19995
117 222 0.472689 0.326486 -2.20227 0.00840593 -0.301667 1.19955
151 226 0.499925 0.304618 -2.39943 -0.00254695 -0.29978 1.20005
179 225 0.508407 0.300194 -2.59835 -0.0269548 -0.283899 1.20361
140 466 0.47933 0.798243 -2.20523 0.000790278 -0.323075 1.19399
173 430 0.550267 0.810374 -2.38548 -0.00405026 -0.299693 1.20007
195 404 0.469438 0.82851 -2.59677 0.00579809 -0.313894 1.19643
579 -70 -0.455864 -0.511504 -2.20693 -0.0332409 0.0254533 1.19927
542 -23 -0.499618 -0.500856 -2.3999 -0.00186172 -0.0120855 1.19994
515 9 -0.47504 -0.527077 -2.59933 0.00115384 0.00257928 1.2
603 173 -0.511853 0.0126209 -2.19724 -0.0037989 0.00524818 1.19998
564 182 -0.511741 -0.0597129 -2.39678 0.0186884 0.0106505 1.19981
532 189 -0.567701 0.0329097 -2.58585 0.0238943 0.00966614 1.19972
631 423 -0.489065 0.531796 -2.195 -0.0311453 0.0380705 1.19899
588 394 -0.48555 0.568275 -2.38774 -0.00775781 -0.0431499 1.1992
553 367 -0.561403 0.493424 -2.5887 -0.00610548 0.00699451 1.19996
332 -43 0.0557016 -0.423701 -2.21526 -0.038944 -0.027822 1.19905
337 -1 0.0499941 -0.422323 -2.41436 -0.0110924 -0.00319646 1.19994
338 28 0.0367291 -0.443538 -2.60997 -0.00904639 -0.0193607 1.19981
357 202 0.00306299 -0.00555205 -2.19999 0.00816207 -0.0153581 1.19987
353 205 0.104692 -0.0229695 -2.39761 0.00438684 -0.00903175 1.19996
352 209 0.0726416 0.0185236 -2.59892 -0.00146522 -0.0190143 1.19985
382 444 -0.0127531 0.514163 -2.1967 0.0382356 -0.0208376 1.19921
374 408 0.0437443 0.484428 -2.40279 0.0328227 0.0305683 1.19916
370 386 -0.0167988 0.490097 -2.60183 0.00995794 0.0146947 1.19987
95 -15 0.577698 -0.538336 -2.17174 -0.00831964 -0.0108813 1.19992
135 22 0.462679 -0.467153 -2.41406 -0.00860975 0.0326295 1.19953
159 49 0.560906 -0.591732 -2.56812 0.0202795 -0.00580003 1.19981
118 224 0.427726 -0.0364981 -2.21489 0.00212242 0.00689537 1.19998
152 225 0.507199 -0.0178739 -2.39842 -0.00129535 0.00425712 1.19999
175 226 0.500275 -0.0653931 -2.59912 0.00107417 0.0364725 1.19945
140 467 0.555418 0.514188 -2.18337 0.0128961 0.00667249 1.19991
171 429 0.544083 0.41728 -2.40621 0.0429495 -0.0081351 1.1992
195 401 0.457137 0.457375 -2.61569 -0.0128283 -0.001222 1.19993
578 -69 -0.486806 -0.840199 -2.18794 -0.0222593 0.310596 1.19709
542 -23 -0.534878 -0.74787 -2.40927 7.67447e-005 0.299601 1.2001
516 11 -0.49834 -0.816875 -2.59507 -0.00580206 0.291137 1.20217
602 176 -0.560672 -0.24036 -2.19269 0.00986299 0.349368 1.18653
563 184 -0.50739 -0.307064 -2.39755 0.0175726 0.267766 1.20747
534 188 -0.485098 -0.310395 -2.6016 0.000458307 0.297262 1.20068
632 421 -0.50135 0.247953 -2.1948 -0.00113704 0.271025 1.20687
585 393 -0.481199 0.194085 -2.40433 -0.0218018 0.315968 1.1957
551 371 -0.501799 0.196758 -2.5999 -0.0100153 0.323206 1.19392
335 -42 0.0173083 -0.756483 -2.21527 0.00490524 0.304901 1.19875
335 0 0.10159 -0.823796 -2.38978 -0.00336168 0.295868 1.20102
336 29 0.0620652 -0.79737 -2.60007 0.0206402 0.31508 1.19595
358 200 -0.00129957 -0.288488 -2.20154 0.000433649 0.316178 1.19584
355 204 0.0318265 -0.358508 -2.39175 0.0193902 0.265407 1.20797
354 206 0.0754238 -0.288296 -2.60023 -0.013463 0.299277 1.20011
383 443 -0.0463646 0.276377 -2.19122 0.0109909 0.292167 1.20188
374 411 -0.00639418 0.198808 -2.40009 -0.016287 0.340194 1.18912
372 385 0.0153298 0.19793 -2.60011 -0.00214609 0.297132 1.20071
95 -13 0.482143 -0.835469 -2.19078 0.00112274 0.301102 1.19972
133 22 0.560104 -0.748024 -2.40349 -0.00372239 0.311727 1.197
163 48 0.457031 -0.827502 -2.5993 0.0128687 0.297136 1.20064
118 225 0.52994 -0.326039 -2.18926 0.00039083 0.275517 1.20586
151 224 0.533128 -0.239986 -2.39962 -0.0339723 0.314387 1.19583
177 225 0.482023 -0.306927 -2.60259 -0.00619294 0.300669 1.19982
142 467 0.496533 0.179204 -2.20258 0.00534003 0.296613 1.20083
171 430 0.497644 0.192111 -2.40113 0.00440939 0.335714 1.19049
194 404 0.413566 0.192395 -2.61571 -0.000200848 0.300249 1.19994
577 -67 -0.889033 -0.217793 -2.20277 0.41833 -0.276882 1.19931
544 -21 -0.934189 -0.141326 -2.39109 0.414397 -0.302513 1.19447
516 8 -0.82261 -0.238731 -2.62227 0.394096 -0.31414 1.19833
606 175 -0.932248 0.327944 -2.18251 0.391314 -0.282121 1.20718
564 181 -0.933413 0.352724 -2.37998 0.403159 -0.290923 1.20118
536 187 -0.842974 0.270597 -2.62225 0.389017 -0.297764 1.20416
630 423 -0.962968 0.746783 -2.19203 0.399701 -0.299666 1.20018
587 392 -0.927295 0.774478 -2.39798 0.401454 -0.269026 1.20684
553 370 -0.901491 0.791846 -2.60198 0.380814 -0.300009 1.20622
335 -41 -0.386005 -0.288783 -2.19263 0.373406 -0.319109 1.20364
333 0 -0.394394 -0.211064 -2.39998 0.37541 -0.291492 1.21
336 27 -0.438632 -0.226852 -2.59155 0.415109 -0.312293 1.1917
355 199 -0.399577 0.244408 -2.20694 0.392795 -0.346529 1.1898
355 203 -0.416607 0.285938 -2.39889 0.388635 -0.296439 1.20461
355 206 -0.394107 0.334554 -2.59668 0.418532 -0.329805 1.18577
384 444 -0.404157 0.804175 -2.19772 0.40275 -0.303574 1.19818
376 408 -0.420975 0.716547 -2.42267 0.408205 -0.301598 1.19683
374 385 -0.374309 0.777195 -2.61072 0.390351 -0.347283 1.19039
94 -13 0.131386 -0.221808 -2.19626 0.399999 -0.300073 1.19998
131 21 0.0494889 -0.173848 -2.40361 0.365829 -0.323992 1.20466
162 48 0.107657 -0.201157 -2.5996 0.41719 -0.28609 1.19754
119 226 0.0903057 0.304535 -2.1998 0.398169 -0.291282 1.20275
152 222 0.107672 0.300037 -2.39966 0.421993 -0.272793 1.19896
177 225 0.0707581 0.258378 -2.60542 0.385896 -0.292646 1.20642
138 467 0.111716 0.799743 -2.19953 0.366691 -0.322426 1.20482
170 427 0.0912678 0.720497 -2.4254 0.435684 -0.326647 1.18046
194 403 0.135345 0.879961 -2.57242 0.412332 -0.318614 1.19099
577 -68 -0.955463 -0.494524 -2.17774 0.416425 -0.0200829 1.19423
541 -25 -0.903843 -0.470501 -2.40452 0.374338 0.0368834 1.20769
517 9 -0.897428 -0.491866 -2.60244 0.404883 -0.0100118 1.19832
603 176 -0.895501 0.00131559 -2.20183 0.37731 0.00460557 1.20732
566 183 -0.914003 0.0429304 -2.39432 0.402669 -0.00609092 1.19909
533 188 -0.891032 -0.00596343 -2.60308 0.416183 -0.0171059 1.19436
631 422 -0.910708 0.518112 -2.19139 0.402497 -0.0526444 1.19801
586 393 -0.919594 0.489163 -2.3948 0.426156 -0.0233127 1.19073
551 369 -0.851348 0.427742 -2.62911 0.396235 0.0127057 1.20118
331 -41 -0.3762 -0.45757 -2.21339 0.388897 0.0027964 1.20364
335 1 -0.410379 -0.510802 -2.39597 0.420196 0.0188058 1.19293
336 27 -0.479132 -0.485083 -2.58943 0.405369 0.0165168 1.19808
359 201 -0.317859 -0.00245864 -2.21336 0.399963 0.000900616 1.20001
354 206 -0.427913 -0.042213 -2.39481 0.391707 -0.00219475 1.20273
352 207 -0.383749 0.00259354 -2.60245 0.409437 0.0501324 1.19576
383 444 -0.391949 0.521163 -2.19653 0.418673 -0.0385137 1.19299
378 408 -0.394316 0.491949 -2.4026 0.398196 -0.00848814 1.20057
373 384 -0.325954 0.438019 -2.62143 0.387387 -0.0382554 1.20352
94 -13 0.138546 -0.55251 -2.1853 0.398312 -0.0390738 1.19993
132 20 0.0972074 -0.5126 -2.39746 0.419996 -0.0623743 1.19152
162 47 0.206495 -0.50128 -2.59347 0.39955 0.00401189 1.20014
117 224 0.0720161 0.040689 -2.20072 0.402126 0.00546326 1.19928
153 224 0.0917691 -0.0389898 -2.40001 0.400049 -0.00311935 1.19998
177 223 0.046848 -0.0336864 -2.60128 0.430576 0.00372452 1.18937
139 464 0.0905043 0.452294 -2.21071 0.397556 -0.00934897 1.20078
169 430 0.100474 0.502492 -2.39946 0.409127 0.0128287 1.19685
194 401 0.0970381 0.536649 -2.5928 0.389796 -0.00869217 1.20332
576 -69 -0.920159 -0.820795 -2.18394 0.384188 0.305256 1.20383
541 -25 -0.900635 -0.800431 -2.39962 0.396641 0.315608 1.19711
515 8 -0.868071 -0.834081 -2.60015 0.413761 0.353753 1.18053
604 176 -0.937371 -0.287057 -2.18608 0.402804 0.280429 1.20379
562 184 -0.897357 -0.235828 -2.40814 0.398051 0.299943 1.20066
536 189 -0.884641 -0.29536 -2.6058 0.402146 0.341751 1.18806
630 423 -0.946629 0.218451 -2.17857 0.40182 0.29814 1.19986
588 393 -0.852386 0.259895 -2.41162 0.400445 0.26903 1.20717
555 370 -0.893567 0.220795 -2.60054 0.401448 0.303045 1.19875
333 -42 -0.391663 -0.792881 -2.20407 0.394784 0.255041 1.21206
335 0 -0.430781 -0.842288 -2.38012 0.39633 0.292785 1.203
338 29 -0.405687 -0.779874 -2.60523 0.395639 0.303835 1.20048
356 200 -0.438855 -0.340319 -2.18668 0.395683 0.293394 1.20306
355 206 -0.439934 -0.219184 -2.40175 0.415214 0.304518 1.19368
354 207 -0.358211 -0.342515 -2.60084 0.362039 0.340125 1.20135
382 446 -0.407837 0.182057 -2.20012 0.383113 0.273612 1.21176
374 412 -0.400057 0.20755 -2.39935 0.398261 0.274536 1.20666
371 384 -0.434407 0.144375 -2.59816 0.400899 0.293536 1.2013
95 -13 0.178136 -0.812209 -2.19057 0.407109 0.272491 1.20416
134 24 0.158843 -0.790308 -2.40004 0.392766 0.291851 1.20439
161 49 0.0930435 -0.729345 -2.62095 0.400052 0.296128 1.20094
119 226 0.105877 -0.210295 -2.21011 0.416049 0.293104 1.19624
153 222 0.0271343 -0.329621 -2.39804 0.413318 0.282726 1.19968
178 225 0.105171 -0.3851 -2.58856 0.416564 0.325754 1.18759
140 465 0.148449 0.186667 -2.19844 0.410934 0.291705 1.19835
169 431 0.147088 0.256477 -2.39219 0.423198 0.302507 1.19138
193 404 0.119898 0.180601 -2.60058 0.400057 0.299985 1.19998
0 0 0 1 0 0 0 
calibration result:
fitted value:0.0232324 0.0145238 0.126364 0.99837 -0.00755753 0.0197524 0.0501201 
k:4247
judgement1 and judgement2:5.55897e-009 1.3601e-016
calibration time:6697.79ms
