729
536.703 536.819 328.442 221.513

578 -67 -0.123606 -0.202416 -1.59805 -0.396449 -0.306385 0.59913
541 -25 -0.0844648 -0.188818 -1.802 -0.395629 -0.30921 0.59822
513 8 -0.1255 -0.189409 -1.99959 -0.400681 -0.290585 0.604165
602 175 -0.0919135 0.309941 -1.59859 -0.398768 -0.301502 0.600067
564 182 -0.102865 0.30119 -1.79964 -0.39776 -0.302712 0.600127
534 188 -0.127328 0.313602 -1.99636 -0.40383 -0.305827 0.594467
630 423 -0.119177 0.784759 -1.60622 -0.399005 -0.308574 0.596303
587 390 -0.0837803 0.807741 -1.79737 -0.393872 -0.298537 0.604765
555 370 -0.102239 0.766455 -2.01298 -0.404721 -0.295518 0.599058
334 -43 0.400309 -0.199583 -1.59997 -0.400883 -0.299835 0.599493
333 -1 0.397299 -0.200293 -1.80057 -0.399445 -0.302129 0.599301
335 29 0.399666 -0.204793 -1.99958 -0.398104 -0.312893 0.594652
355 202 0.400152 0.300414 -1.59988 -0.399905 -0.29994 0.600094
353 206 0.399771 0.297209 -1.80051 -0.403193 -0.28748 0.603979
352 207 0.413204 0.308664 -1.99599 -0.402765 -0.290676 0.602734
383 444 0.399876 0.800489 -1.59979 -0.398485 -0.301548 0.600232
376 408 0.427363 0.802817 -1.79244 -0.409242 -0.292162 0.597631
374 385 0.389759 0.835585 -1.98743 -0.400897 -0.297723 0.600536
94 -12 0.902443 -0.19904 -1.59874 -0.402791 -0.294612 0.600803
133 20 0.902687 -0.192698 -1.79945 -0.396582 -0.290998 0.606665
163 47 0.898728 -0.200926 -2.00048 -0.400614 -0.302608 0.598278
115 225 0.895301 0.275376 -1.60705 -0.398536 -0.301555 0.600195
150 222 0.891524 0.321669 -1.80048 -0.401939 -0.299468 0.59897
175 225 0.908188 0.324748 -1.99242 -0.391754 -0.297465 0.606666
141 464 0.890756 0.815025 -1.59759 -0.397884 -0.295691 0.603536
171 431 0.902398 0.800559 -1.79855 -0.400247 -0.300597 0.599536
194 404 0.902609 0.816953 -1.99196 -0.403336 -0.30235 0.596577
580 -70 -0.125949 -0.505663 -1.59638 -0.399285 0.00157682 0.600474
542 -23 -0.107873 -0.510064 -1.79672 -0.401467 0.00664321 0.598983
515 10 -0.10421 -0.498077 -2.00026 -0.396419 -0.00682633 0.602333
604 176 -0.0980009 -0.00891878 -1.6001 -0.405416 0.000631478 0.596353
564 184 -0.0999286 -0.00223407 -1.8 -0.401984 0.0110863 0.59857
535 187 -0.102677 -0.0188021 -1.99978 -0.398749 -0.0110059 0.600731
628 425 -0.0997404 0.510501 -1.5967 -0.401044 -0.000135871 0.599303
586 393 -0.0887704 0.512045 -1.7972 -0.39801 -0.00283072 0.601315
551 368 -0.100239 0.499425 -2.00013 -0.399999 0.00301406 0.599993
332 -39 0.393844 -0.503156 -1.60054 -0.396466 -0.0131723 0.602197
333 2 0.404837 -0.478126 -1.80486 -0.399451 -0.000299717 0.600366
338 29 0.411357 -0.503083 -1.99692 -0.400044 4.89656e-006 0.59997
357 200 0.400118 -0.00666988 -1.59996 -0.401776 0.00162351 0.59881
353 204 0.396977 0.00397215 -1.80066 -0.400168 -0.00235757 0.599883
354 207 0.384917 0.00466783 -2.00295 -0.400043 2.28088e-005 0.599971
384 444 0.411896 0.513669 -1.59263 -0.40104 -0.00108038 0.599304
378 410 0.374566 0.508812 -1.803 -0.39836 0.00144606 0.601089
371 384 0.411905 0.513757 -1.99409 -0.401932 0.00944108 0.598633
96 -12 0.88669 -0.51688 -1.60207 -0.401402 0.00156518 0.599061
133 21 0.899272 -0.498774 -1.8007 -0.398169 0.0026073 0.601211
161 48 0.878668 -0.526368 -2.00272 -0.399288 0.00136374 0.600472
119 225 0.904892 0.00631052 -1.59723 -0.404754 0.000588154 0.596803
151 223 0.904901 0.0128397 -1.7975 -0.39452 0.00146005 0.603616
175 224 0.900775 0.00361755 -1.99965 -0.398397 0.00743099 0.60102
138 463 0.910773 0.494874 -1.59549 -0.395978 0.00985925 0.602582
171 431 0.90045 0.486391 -1.8035 -0.400513 0.00188204 0.599655
194 401 0.90415 0.502955 -1.99739 -0.41122 0.0041265 0.592352
576 -67 -0.0995104 -0.803095 -1.59848 -0.394758 0.296856 0.605015
540 -23 -0.0982137 -0.79596 -1.80189 -0.394617 0.299805 0.603651
516 11 -0.0858764 -0.810094 -1.99659 -0.398631 0.312158 0.594685
602 177 -0.0984158 -0.299332 -1.60022 -0.39939 0.295479 0.602644
563 181 -0.0908576 -0.295794 -1.80118 -0.400648 0.298648 0.600242
533 187 -0.0784478 -0.291905 -2.00216 -0.400701 0.296525 0.601259
628 424 -0.0847377 0.19985 -1.6009 -0.39635 0.311801 0.596395
584 393 -0.0950009 0.176869 -1.80269 -0.404438 0.300303 0.596865
552 368 -0.108986 0.207693 -1.99875 -0.404448 0.308575 0.592625
333 -41 0.410105 -0.809206 -1.5928 -0.398745 0.301884 0.59989
335 0 0.381443 -0.79916 -1.8044 -0.400618 0.300984 0.599094
336 27 0.408698 -0.789607 -2.00237 -0.400555 0.299927 0.599666
356 198 0.415014 -0.309936 -1.59427 -0.39695 0.301436 0.601304
355 206 0.399502 -0.298642 -1.80034 -0.400461 0.297531 0.600921
353 209 0.394861 -0.304101 -2.0004 -0.392003 0.300698 0.604908
381 444 0.398139 0.200617 -1.60039 -0.402006 0.303332 0.596976
378 409 0.384857 0.217768 -1.80124 -0.406713 0.295718 0.597608
373 384 0.398162 0.196908 -2.00067 -0.399808 0.294109 0.603037
93 -11 0.898114 -0.800236 -1.60094 -0.404593 0.296054 0.59888
131 20 0.897399 -0.811419 -1.79618 -0.398415 0.301126 0.60049
159 50 0.871368 -0.80397 -2.01106 -0.402425 0.301269 0.597738
115 224 0.897421 -0.302857 -1.60091 -0.401127 0.297262 0.60061
153 225 0.897344 -0.337489 -1.79468 -0.404483 0.287576 0.60307
176 226 0.88991 -0.299647 -2.00456 -0.406507 0.303241 0.593968
140 466 0.901678 0.196731 -1.59946 -0.394005 0.306614 0.600623
169 429 0.905444 0.199641 -1.79731 -0.389777 0.296499 0.608409
194 400 0.908696 0.205474 -1.99551 -0.399548 0.295994 0.602286
578 -68 -0.480217 -0.190517 -1.6072 0.00966716 -0.297768 0.601033
542 -23 -0.502234 -0.202955 -1.79905 -0.00357729 -0.293758 0.60307
515 9 -0.501132 -0.197393 -1.99998 1.52226e-005 -0.303843 0.598063
606 174 -0.515148 0.291602 -1.59674 -0.00633781 -0.295607 0.602143
565 185 -0.501113 0.301787 -1.79939 0.0102296 -0.292859 0.603431
533 190 -0.507419 0.31833 -1.99529 0.000233745 -0.298152 0.60092
632 421 -0.51272 0.783126 -1.60432 -0.000264305 -0.300401 0.599799
588 390 -0.494399 0.801831 -1.80073 0.00465667 -0.295919 0.602005
555 369 -0.496029 0.802581 -1.99995 -0.00790889 -0.304769 0.59754
335 -42 -0.00459057 -0.204812 -1.59938 -0.000554058 -0.298136 0.600928
335 0 -0.0236175 -0.219203 -1.79761 -0.000400689 -0.311116 0.594312
336 31 -0.00617922 -0.198799 -2.00011 0.000155466 -0.300452 0.599774
359 200 0.00189858 0.300333 -1.59994 -0.000262994 -0.300413 0.599793
354 206 0.0175407 0.295772 -1.80061 0.00507557 -0.305069 0.597417
356 207 -0.00813768 0.305972 -1.99908 0.00493167 -0.304941 0.597484
380 444 0.000465404 0.803144 -1.59842 -0.00229555 -0.298838 0.600575
374 408 0.00574865 0.781984 -1.80789 -0.00269503 -0.298939 0.600524
374 386 -0.0306845 0.811696 -1.99505 -0.00763145 -0.303575 0.59815
93 -12 0.499184 -0.195968 -1.60075 -0.00252139 -0.299159 0.600414
132 23 0.499637 -0.214564 -1.79842 -0.0019448 -0.299127 0.600433
159 49 0.50155 -0.202709 -1.99934 -0.00231664 -0.290284 0.604756
118 223 0.499279 0.314392 -1.59746 0.00385902 -0.300857 0.599558
152 226 0.498796 0.299147 -1.80048 0.00270767 -0.297282 0.601345
179 224 0.495244 0.310445 -1.99959 -0.00101228 -0.299185 0.600406
140 467 0.496638 0.808621 -1.59671 0.00503065 -0.300072 0.599943
171 427 0.50294 0.785128 -1.80572 -0.00739873 -0.296537 0.601673
196 400 0.497806 0.790042 -2.0045 -0.000707744 -0.29988 0.600059
578 -69 -0.497363 -0.506772 -1.59869 -0.00139974 0.00134471 0.599997
543 -23 -0.499552 -0.495779 -1.80129 -0.000128134 -4.05297e-005 0.6
517 10 -0.519052 -0.47698 -2.00077 -0.00325888 0.0061244 0.59996
604 173 -0.504708 -0.00250594 -1.59852 -0.000154168 -0.00544583 0.599975
562 183 -0.497971 0.0131398 -1.80051 -0.00342824 0.00727866 0.599946
532 189 -0.48757 -0.034953 -2.00276 -0.000870356 -0.00555346 0.599974
631 423 -0.503671 0.500661 -1.59864 -0.00393104 -0.00357303 0.599976
586 391 -0.488557 0.513466 -1.79935 0.00513291 -0.0018762 0.599975
551 370 -0.499948 0.468741 -2.00757 0.00192959 -0.00373811 0.599985
333 -41 0.0115898 -0.486656 -1.60407 -0.000770142 -0.000189473 0.599999
337 -2 0.00255998 -0.509809 -1.79724 -0.00429698 0.00864593 0.599922
337 28 0.000204145 -0.500202 -1.99995 0.00459198 0.0031543 0.599974
358 200 -6.75967e-005 -0.00317598 -1.6 -0.00633239 -0.00298831 0.599959
353 204 -0.0123448 0.0233842 -1.79981 0.000169159 -0.00102781 0.599999
355 205 0.0178905 -0.0225833 -1.99979 0.00449696 -0.0048701 0.599963
381 444 0.00802555 0.495894 -1.60126 -0.000115862 0.0015428 0.599998
375 410 0.00969542 0.476246 -1.8064 -0.00526363 -0.00638362 0.599943
371 385 -0.00907621 0.47612 -2.0058 0.00194142 0.00519144 0.599974
93 -14 0.507038 -0.515247 -1.59293 0.00157955 -0.00670535 0.59996
133 24 0.491379 -0.499379 -1.80254 -0.00117162 0.0062455 0.599966
159 49 0.498347 -0.499106 -2.00064 0.0054821 -0.00863518 0.599913
117 225 0.510303 0.00839754 -1.59672 -0.00513192 -0.00263898 0.599972
154 226 0.510253 0.0138448 -1.79707 0.00158922 0.00138056 0.599996
175 227 0.496404 -0.0295558 -2.00068 0.00163682 -0.00672808 0.59996
141 464 0.499925 0.499968 -1.60003 -0.00784474 0.00583196 0.59992
173 429 0.496961 0.503275 -1.79993 -0.00414747 0.000331814 0.599986
194 400 0.499623 0.481427 -2.00465 -0.000153737 -0.0031098 0.599992
580 -69 -0.507061 -0.807556 -1.59397 0.00243932 0.308273 0.595787
544 -25 -0.506477 -0.800043 -1.79817 -0.00336908 0.300473 0.599754
516 10 -0.500108 -0.787761 -2.00483 -0.000167259 0.298583 0.600706
605 175 -0.483957 -0.293712 -1.60609 -0.000124406 0.300398 0.599801
565 185 -0.511847 -0.309456 -1.79506 0.0120385 0.30292 0.59841
533 191 -0.49998 -0.299992 -2.00001 -0.00227521 0.297609 0.601185
630 423 -0.500413 0.199366 -1.59995 0.00280526 0.2994 0.600293
586 392 -0.490025 0.223742 -1.79995 0.00582178 0.301331 0.599304
553 369 -0.489681 0.163232 -2.00588 0.00116156 0.300626 0.599685
335 -41 0.0011277 -0.803678 -1.59816 -0.00119093 0.305853 0.597036
337 -1 0.00209798 -0.805354 -1.79761 0.00543496 0.299974 0.599988
338 28 0.00249505 -0.779546 -2.00806 0.00238033 0.296837 0.601567
359 200 0.00715987 -0.306059 -1.59884 0.00318625 0.2958 0.602073
353 203 -0.00472441 -0.335108 -1.79379 -0.00271102 0.30145 0.599267
354 207 -0.000163025 -0.300395 -1.99994 0.00886332 0.2965 0.601672
384 444 0.00100201 0.195006 -1.60062 0.00358147 0.299731 0.600124
378 409 -0.0141748 0.214789 -1.79824 -0.00129931 0.298271 0.60086
370 384 0.0225286 0.216358 -1.99817 -0.00709475 0.300344 0.599786
96 -12 0.497763 -0.802641 -1.59937 -0.0025751 0.29299 0.603449
133 20 0.49787 -0.802302 -1.79957 -0.00725617 0.292694 0.603554
160 48 0.491833 -0.76947 -2.01396 -0.00544746 0.300957 0.599496
115 226 0.510881 -0.310305 -1.59459 0.000134726 0.300182 0.599909
152 224 0.492881 -0.27582 -1.80582 -0.00246853 0.303987 0.597985
177 226 0.492664 -0.288601 -2.00349 -0.00725024 0.308769 0.595491
141 465 0.488672 0.180161 -1.60585 -0.00317037 0.301787 0.599095
169 428 0.507166 0.184657 -1.79963 -0.0050607 0.298893 0.600531
196 403 0.501625 0.201803 -1.99941 0.000528294 0.299704 0.600147
577 -69 -0.897029 -0.232399 -1.59729 0.398127 -0.297376 0.602546
544 -22 -0.89793 -0.204142 -1.80057 0.401058 -0.30764 0.595407
516 12 -0.906856 -0.202546 -1.99664 0.403054 -0.298526 0.59869
604 175 -0.899302 0.312123 -1.59807 0.393599 -0.297518 0.605444
562 183 -0.901895 0.300801 -1.79892 0.404529 -0.300645 0.596631
532 188 -0.900132 0.27392 -2.00368 0.400134 -0.306659 0.596534
632 423 -0.922984 0.782519 -1.59555 0.388333 -0.305682 0.604777
585 391 -0.912319 0.812069 -1.78836 0.394199 -0.288694 0.609313
553 368 -0.885973 0.801529 -2.00564 0.400598 -0.306572 0.596268
332 -40 -0.398798 -0.208325 -1.59924 0.395968 -0.295938 0.604674
335 0 -0.418418 -0.200486 -1.79575 0.391296 -0.293954 0.608669
335 28 -0.394615 -0.199747 -2.00109 0.39265 -0.290792 0.609316
356 198 -0.401456 0.297442 -1.60011 0.408713 -0.291728 0.598204
357 204 -0.399107 0.296091 -1.80085 0.399828 -0.303297 0.598455
353 206 -0.382965 0.306916 -2.00228 0.397032 -0.305049 0.599425
380 444 -0.385449 0.824729 -1.59099 0.40827 -0.298751 0.595033
378 411 -0.399948 0.806076 -1.7973 0.402493 -0.300284 0.598188
372 388 -0.40732 0.795184 -2.00044 0.392598 -0.304604 0.602564
94 -14 0.0741192 -0.195749 -1.60193 0.398798 -0.295667 0.602944
131 22 0.122053 -0.185018 -1.80024 0.399783 -0.300424 0.599932
161 50 0.0734396 -0.19319 -2.00182 0.399278 -0.30192 0.599518
117 226 0.126288 0.287242 -1.60048 0.400993 -0.296564 0.601044
150 222 0.100052 0.295656 -1.80072 0.396071 -0.301039 0.602082
176 225 0.0982118 0.303581 -1.99955 0.400509 -0.302192 0.598559
140 467 0.100105 0.797929 -1.60103 0.399157 -0.302649 0.59923
172 427 0.113093 0.802306 -1.7982 0.400159 -0.299815 0.599986
193 400 0.0858737 0.816415 -1.99401 0.39659 -0.303198 0.600656
577 -71 -0.896127 -0.508186 -1.5996 0.407973 0.00180572 0.594605
544 -23 -0.898696 -0.500781 -1.80043 0.398735 -0.000372775 0.600841
515 11 -0.874108 -0.511 -2.00868 0.401862 -0.00327695 0.598746
602 176 -0.896641 -0.0174723 -1.60179 0.395931 -0.000750965 0.602693
563 183 -0.892904 -0.00480169 -1.80352 0.400062 -0.000750524 0.599958
533 188 -0.888739 -0.0308016 -2.00479 0.405182 -0.00701226 0.596472
630 425 -0.914692 0.513011 -1.5875 0.400011 -3.47535e-005 0.599993
585 391 -0.894563 0.512897 -1.79908 0.403763 0.00392218 0.597461
552 371 -0.910437 0.508154 -1.99321 0.399393 0.00804023 0.60035
331 -40 -0.403105 -0.504656 -1.59776 0.400066 0.00295488 0.599949
333 2 -0.414283 -0.479802 -1.80227 0.399501 0.00226522 0.600328
334 29 -0.396434 -0.464099 -2.00934 0.401191 0.000137634 0.599204
359 198 -0.407706 -0.00163393 -1.59805 0.399936 0.0088924 0.599977
354 203 -0.380186 -0.00363302 -1.80429 0.405228 -0.0111039 0.596378
356 209 -0.417929 0.00039342 -1.99633 0.397235 -0.000765662 0.601833
384 444 -0.387841 0.485801 -1.60735 0.404577 0.0057699 0.596896
376 411 -0.397326 0.484865 -1.80473 0.399301 -0.00169981 0.600463
372 387 -0.394028 0.504533 -2.00005 0.403021 -0.000881921 0.597974
95 -14 0.10214 -0.501536 -1.59938 0.39667 0.00563037 0.602181
131 24 0.0791982 -0.492801 -1.80302 0.398335 0.0102307 0.60102
161 50 0.105994 -0.494559 -2.00104 0.400138 -4.80337e-005 0.599908
115 225 0.118898 0.00720624 -1.59869 0.403022 0.00510444 0.597953
151 222 0.0803899 0.0251718 -1.80081 0.400086 0.000689431 0.599943
177 224 0.0986012 0.01386 -2.00002 0.39482 -0.00864184 0.603359
139 465 0.10984 0.52792 -1.59036 0.400282 -0.00104113 0.599811
169 429 0.0995377 0.501258 -1.79968 0.399122 0.00174386 0.600582
194 404 0.0932356 0.518284 -1.99567 0.399935 0.000581675 0.600043
579 -69 -0.89657 -0.812004 -1.59587 0.403464 0.289875 0.602651
542 -23 -0.887867 -0.798451 -1.8067 0.401115 0.297288 0.600605
513 9 -0.901816 -0.801773 -1.99847 0.401689 0.291593 0.603009
606 176 -0.896007 -0.288851 -1.60429 0.400399 0.298294 0.600584
566 183 -0.905979 -0.312727 -1.79483 0.409411 0.300713 0.593257
532 189 -0.901365 -0.289957 -2.00087 0.389916 0.302709 0.605254
630 423 -0.888066 0.196151 -1.60713 0.40095 0.301867 0.598428
588 392 -0.895791 0.20989 -1.80097 0.402423 0.293576 0.601556
551 369 -0.899722 0.201024 -2.00002 0.401177 0.301094 0.598665
333 -41 -0.42212 -0.784817 -1.60184 0.397449 0.299138 0.602122
337 0 -0.39831 -0.804312 -1.79845 0.405632 0.301737 0.59533
338 27 -0.403418 -0.814921 -1.99328 0.400745 0.302475 0.598258
357 199 -0.389174 -0.307776 -1.60119 0.394068 0.299332 0.604244
354 203 -0.408232 -0.309175 -1.7966 0.401686 0.293571 0.60205
353 209 -0.394356 -0.303295 -2.00062 0.395411 0.30002 0.603024
381 443 -0.406427 0.206682 -1.59753 0.397839 0.297761 0.602547
377 408 -0.40223 0.203039 -1.79916 0.404146 0.299134 0.59765
374 386 -0.388966 0.202266 -2.00195 0.397556 0.304875 0.599166
96 -15 0.0999858 -0.799702 -1.60015 0.399551 0.301248 0.599674
134 21 0.104067 -0.805374 -1.79737 0.398677 0.301033 0.600363
159 50 0.103299 -0.800513 -1.99963 0.400216 0.296724 0.601483
115 223 0.0933676 -0.294159 -1.60148 0.394164 0.30283 0.602436
152 224 0.100972 -0.282898 -1.80271 0.401498 0.30059 0.598703
175 227 0.0665531 -0.3098 -1.9999 0.402309 0.29735 0.599776
140 464 0.0977053 0.199126 -1.60025 0.396231 0.299461 0.602764
173 431 0.117821 0.190548 -1.79995 0.398422 0.297581 0.60225
194 402 0.0951893 0.204646 -1.99976 0.407895 0.300821 0.594246
578 -69 -0.10916 -0.189073 -1.90061 -0.408534 -0.296393 0.897358
540 -25 -0.0905005 -0.197347 -2.10068 -0.397631 -0.300279 0.900956
514 10 -0.0940608 -0.244382 -2.29596 -0.402852 -0.296079 0.900026
604 174 -0.0915871 0.311369 -1.89859 -0.39769 -0.315458 0.895728
566 184 -0.0936605 0.317966 -2.09765 -0.395321 -0.305262 0.900298
534 189 -0.0968626 0.320584 -2.29736 -0.407128 -0.301981 0.896133
630 423 -0.118663 0.82785 -1.88695 -0.399014 -0.305297 0.898655
584 393 -0.120062 0.810314 -2.09499 -0.412825 -0.3119 0.890109
553 371 -0.132211 0.816383 -2.29261 -0.406882 -0.28966 0.900302
331 -39 0.412721 -0.230677 -1.89379 -0.398532 -0.305098 0.898937
337 0 0.404128 -0.202246 -2.09899 -0.397696 -0.304618 0.89947
338 31 0.384882 -0.178265 -2.30436 -0.410015 -0.284429 0.900548
356 199 0.395625 0.309693 -1.89936 -0.40323 -0.291834 0.901243
355 204 0.415066 0.300555 -2.09699 -0.398422 -0.314191 0.895848
356 207 0.396504 0.312004 -2.29901 -0.396245 -0.301835 0.901047
381 442 0.408979 0.799123 -1.89846 -0.395192 -0.30292 0.901145
375 411 0.407762 0.822399 -2.08983 -0.410865 -0.29284 0.89746
373 384 0.40387 0.810717 -2.29557 -0.406531 -0.296253 0.898313
95 -14 0.908956 -0.201505 -1.89557 -0.390624 -0.297536 0.904923
135 22 0.892271 -0.176122 -2.10543 -0.400391 -0.29821 0.900421
161 50 0.890697 -0.190997 -2.30438 -0.397792 -0.313898 0.896231
118 225 0.887471 0.303415 -1.90534 -0.393262 -0.301083 0.902604
151 223 0.896375 0.302041 -2.10126 -0.406949 -0.294545 0.898686
177 224 0.900317 0.298784 -2.30003 -0.405544 -0.29691 0.898542
141 465 0.880859 0.819633 -1.9006 -0.404167 -0.294992 0.899794
171 428 0.937682 0.786207 -2.08869 -0.402639 -0.302447 0.898002
194 402 0.866731 0.787701 -2.31696 -0.400515 -0.302563 0.898912
580 -69 -0.0863614 -0.473151 -1.90753 -0.391002 -0.0023711 0.903943
542 -21 -0.12222 -0.479508 -2.1036 -0.404111 0.0014291 0.898161
517 11 -0.0852083 -0.516718 -2.2969 -0.397976 0.0108947 0.900831
606 174 -0.117016 -0.00338025 -1.89902 -0.402113 -0.00154156 0.899056
562 181 -0.0852848 -0.0184173 -2.10057 -0.400575 -0.00115219 0.899743
533 190 -0.0968756 -0.0252064 -2.3 -0.400272 -0.00287025 0.899875
628 422 -0.107653 0.501024 -1.89931 -0.399093 -0.00494034 0.900389
584 392 -0.0634813 0.476875 -2.10679 -0.400137 -5.81017e-005 0.899939
554 369 -0.101055 0.498284 -2.30033 -0.399828 -0.000299026 0.900076
331 -39 0.402674 -0.529599 -1.8914 -0.399989 -0.00286259 0.9
334 2 0.399974 -0.50275 -2.09935 -0.393121 -0.00559762 0.903009
336 27 0.427486 -0.506889 -2.29354 -0.405331 0.014386 0.897496
357 202 0.393464 0.00500691 -1.90136 -0.401399 0.00203384 0.899374
354 203 0.401906 0.00506023 -2.09963 -0.399065 -0.00310174 0.90041
352 208 0.380996 0.0214611 -2.30312 -0.403422 0.000315232 0.898471
384 444 0.394599 0.496632 -1.90201 -0.403775 0.000725646 0.898312
377 412 0.392965 0.527965 -2.09448 -0.404614 0.00392905 0.897926
372 386 0.43131 0.505879 -2.29305 -0.412041 0.00779172 0.894518
97 -15 0.89791 -0.500551 -1.90084 -0.397904 0.00403723 0.900919
134 22 0.896498 -0.500557 -2.10136 -0.389905 -0.000623303 0.904419
161 49 0.888674 -0.542945 -2.29466 -0.398938 -0.00075497 0.900471
118 225 0.901676 -0.00206668 -1.8992 -0.399182 -0.0111168 0.900295
153 225 0.91984 0.0326781 -2.09113 -0.396633 -0.00171165 0.901487
176 225 0.903647 0.0111961 -2.29854 -0.399724 -0.0154103 0.899991
139 467 0.885966 0.506862 -1.90477 -0.399958 0.000146016 0.900019
173 431 0.913627 0.512334 -2.09112 -0.398233 -0.00390277 0.900775
194 401 0.897464 0.503951 -2.30013 -0.409946 0.0149196 0.895389
578 -68 -0.0940964 -0.833196 -1.88598 -0.404852 0.292071 0.900438
541 -23 -0.138131 -0.786217 -2.10304 -0.383859 0.296874 0.90803
514 12 -0.0893717 -0.807821 -2.2977 -0.394027 0.314217 0.897781
603 175 -0.104906 -0.299281 -1.89985 -0.401813 0.300554 0.899007
564 183 -0.105181 -0.296228 -2.10028 -0.399987 0.300005 0.900004
533 191 -0.0706762 -0.264181 -2.30547 -0.394948 0.290875 0.905212
628 425 -0.102464 0.202492 -1.8996 -0.399371 0.304286 0.89884
584 392 -0.0937488 0.196388 -2.10063 -0.39861 0.291929 0.903265
554 370 -0.106622 0.186429 -2.30084 -0.396083 0.285519 0.90642
332 -40 0.404032 -0.807915 -1.89579 -0.401789 0.298626 0.89966
337 0 0.394865 -0.79814 -2.10168 -0.395162 0.284508 0.907139
336 29 0.427496 -0.777266 -2.30285 -0.386726 0.298992 0.906116
355 198 0.376891 -0.314051 -1.90245 -0.394423 0.302467 0.901634
353 203 0.398236 -0.300884 -2.10021 -0.401684 0.30047 0.899093
353 207 0.399889 -0.304629 -2.29941 -0.402976 0.316376 0.893038
381 444 0.402831 0.197234 -1.89969 -0.400409 0.292149 0.902398
378 411 0.389187 0.206296 -2.10142 -0.401162 0.301088 0.899119
374 386 0.39256 0.221971 -2.29927 -0.389947 0.290009 0.907654
97 -15 0.878551 -0.81498 -1.90367 -0.399873 0.305584 0.898176
134 23 0.90479 -0.803768 -2.0965 -0.403487 0.302616 0.897564
160 48 0.906359 -0.796306 -2.29878 -0.402155 0.303236 0.897953
115 224 0.896872 -0.308547 -1.90011 -0.399518 0.30678 0.897926
150 223 0.898182 -0.296844 -2.10123 -0.389905 0.299171 0.904694
175 226 0.90295 -0.290993 -2.3 -0.399699 0.296701 0.901226
138 466 0.904289 0.192656 -1.89872 -0.400422 0.299408 0.900009
173 429 0.933033 0.202909 -2.08525 -0.395495 0.305043 0.900296
194 402 0.895069 0.193309 -2.3025 -0.396788 0.299085 0.901725
576 -69 -0.505046 -0.204231 -1.89821 -3.76922e-005 -0.302466 0.899174
542 -22 -0.486973 -0.211619 -2.10192 -0.00191936 -0.292607 0.902429
513 12 -0.506757 -0.21257 -2.29739 -0.00483224 -0.301134 0.899608
606 176 -0.479903 0.328426 -1.90048 -0.00131861 -0.299486 0.90017
562 181 -0.514183 0.29088 -2.09786 -0.00402621 -0.305497 0.89814
532 190 -0.500149 0.298389 -2.30018 0.000536096 -0.287449 0.904087
630 423 -0.503984 0.804731 -1.89695 0.00031717 -0.300052 0.899982
586 392 -0.501905 0.794559 -2.10161 0.000646246 -0.289123 0.903553
552 369 -0.478835 0.784523 -2.30981 0.00540081 -0.298958 0.90033
332 -42 -0.0114903 -0.19839 -1.90013 -0.000204687 -0.30286 0.899042
336 2 0.0262146 -0.20458 -2.0994 0.00422713 -0.302546 0.899137
336 29 0.000344791 -0.201921 -2.29983 0.0050669 -0.302748 0.899065
356 200 -0.00371665 0.294422 -1.90087 -0.000428581 -0.307117 0.897596
355 205 0.00530761 0.303183 -2.09954 0.00637022 -0.290871 0.902969
352 206 0.0051002 0.304254 -2.29944 -0.00623014 -0.296647 0.901089
381 444 -0.000570112 0.799832 -1.90007 -7.15835e-006 -0.299939 0.90002
377 409 -0.020842 0.802741 -2.09885 -0.0025537 -0.297009 0.900988
370 384 -0.00489134 0.800379 -2.29986 -0.00142194 -0.287103 0.904196
96 -11 0.495981 -0.195325 -1.90154 0.00130908 -0.295546 0.901471
132 22 0.500579 -0.202703 -2.0996 0.00115851 -0.29794 0.900683
161 51 0.497028 -0.20968 -2.29978 -0.00727842 -0.299451 0.900154
117 223 0.498444 0.298171 -1.9007 -0.00782566 -0.294984 0.901622
151 226 0.501365 0.27663 -2.10288 -5.00297e-005 -0.294271 0.901889
178 225 0.461721 0.309264 -2.30677 -0.015298 -0.298373 0.900411
140 465 0.494821 0.804858 -1.8993 -0.00302339 -0.294165 0.901919
173 429 0.515416 0.808664 -2.09294 -0.00695191 -0.303945 0.898648
195 401 0.49537 0.798108 -2.30166 -0.0111074 -0.298946 0.900282
579 -68 -0.484413 -0.49904 -1.90429 -0.000672137 -0.00524963 0.899984
543 -23 -0.471255 -0.519507 -2.10191 -0.0007094 -0.0134815 0.899899
516 11 -0.506862 -0.503923 -2.29764 0.0107721 0.00456478 0.899924
604 176 -0.487186 -0.00222699 -1.90332 -1.16149e-005 -0.00262363 0.899996
565 185 -0.499919 6.54497e-005 -2.10002 -0.000138188 -0.00306372 0.899995
534 189 -0.499285 -0.00460348 -2.30015 0.00169348 -0.00700402 0.899971
630 423 -0.495569 0.499713 -1.90124 0.00177228 0.00543045 0.899982
587 391 -0.500982 0.5093 -2.09753 0.00247984 0.00137554 0.899996
553 369 -0.510018 0.50078 -2.29763 0.00863912 -0.00569479 0.89994
333 -43 0.00984616 -0.481989 -1.90462 -0.000838242 0.00181223 0.899998
336 1 -0.0217941 -0.481605 -2.10418 0.0120124 -0.00219532 0.899917
338 31 -0.000244227 -0.50002 -2.3 0.000323232 0.00748071 0.899969
355 200 -0.00163857 0.00175534 -1.9 -0.00429915 -0.00121641 0.899989
357 204 -0.010268 0.0362187 -2.09966 0.00475623 0.00360568 0.89998
352 209 -0.00278379 -0.00140021 -2.3 -0.00283083 -0.00973071 0.899943
380 444 0.0249981 0.498605 -1.9002 0.000724262 -0.000463114 0.9
377 408 0.0146767 0.468533 -2.10719 0.00741816 0.0080202 0.899934
373 387 0.00306702 0.531844 -2.29284 -0.00406469 -0.0105257 0.899929
95 -15 0.502056 -0.504426 -1.89829 -4.23229e-005 -0.00113659 0.899999
133 21 0.503501 -0.491843 -2.10109 0.00749189 -0.00163799 0.899967
161 49 0.500376 -0.504487 -2.29894 0.00174186 0.00448662 0.899987
118 224 0.491766 0.00656741 -1.90214 0.00741052 0.00150152 0.899968
151 225 0.490845 -0.00734838 -2.10215 0.00470428 -0.00507602 0.899973
178 227 0.499866 0.022427 -2.29992 0.00335499 0.0031419 0.899988
140 463 0.501735 0.488242 -1.9026 -0.000683121 -0.00653809 0.899976
170 429 0.502221 0.509373 -2.09722 0.00647212 -0.00111358 0.899976
194 400 0.494522 0.494972 -2.30227 0.000369493 -0.0107212 0.899936
578 -71 -0.498606 -0.799733 -1.90048 -0.00478976 0.299172 0.900263
542 -23 -0.521942 -0.770192 -2.1058 -0.00193748 0.305229 0.898238
514 12 -0.502171 -0.833067 -2.28776 -0.00118674 0.29401 0.901974
603 175 -0.476456 -0.302603 -1.90563 0.00459065 0.308784 0.897012
563 183 -0.49702 -0.297593 -2.10105 0.00140196 0.298278 0.900571
535 191 -0.486186 -0.300916 -2.30284 -0.00653741 0.298728 0.900399
628 423 -0.475132 0.194787 -1.90691 -0.00583583 0.303609 0.89877
585 392 -0.500157 0.168289 -2.10274 -0.0117919 0.294116 0.901863
552 369 -0.510958 0.172922 -2.29979 0.00470143 0.294898 0.901672
333 -41 -0.0101219 -0.798469 -1.90062 -0.00718507 0.310999 0.89623
334 2 0.0280298 -0.806986 -2.09714 0.00195886 0.298479 0.900503
336 28 -0.0110666 -0.808626 -2.29695 0.00404821 0.295582 0.901452
357 199 -0.00226721 -0.302062 -1.89967 -0.000559635 0.297774 0.900739
355 206 0.0167148 -0.312983 -2.09804 0.00711077 0.29569 0.901397
355 207 -0.00463664 -0.307429 -2.29901 -0.00182526 0.298038 0.90065
382 444 -0.00346363 0.161425 -1.90366 -0.00144073 0.300252 0.899915
374 408 0.00816664 0.198656 -2.10011 0.0117628 0.302938 0.898938
372 384 -0.00785846 0.206778 -2.29939 0.00299085 0.30681 0.897696
93 -15 0.506065 -0.817324 -1.891 -0.00157604 0.306137 0.89793
131 23 0.512404 -0.765902 -2.1097 -0.00011229 0.300245 0.899918
162 50 0.502468 -0.79989 -2.2995 -0.00186743 0.309594 0.896743
119 225 0.501438 -0.306015 -1.89866 -0.000428214 0.301435 0.89952
152 225 0.498015 -0.26401 -2.1053 -0.00676665 0.303215 0.898896
179 224 0.500727 -0.300079 -2.29983 -0.000740091 0.29978 0.900073
142 464 0.497602 0.187692 -1.90188 -0.00604731 0.3006 0.89978
173 429 0.515575 0.205407 -2.09571 0.00731634 0.311065 0.896206
195 401 0.499628 0.175226 -2.3021 -0.00112101 0.309117 0.896909
580 -68 -0.892111 -0.212171 -1.9024 0.398211 -0.301804 0.90019
541 -24 -0.876053 -0.19854 -2.11024 0.401459 -0.298109 0.899979
516 10 -0.915412 -0.20589 -2.29339 0.400101 -0.299959 0.899969
604 173 -0.889273 0.287824 -1.90692 0.404024 -0.292533 0.90066
566 185 -0.905077 0.299069 -2.09795 0.404636 -0.305608 0.896032
535 189 -0.889664 0.258858 -2.309 0.406512 -0.305686 0.895156
632 423 -0.902933 0.795668 -1.90043 0.41383 -0.285299 0.898526
584 390 -0.899771 0.799965 -2.10011 0.393581 -0.307994 0.90013
551 368 -0.875171 0.832976 -2.29787 0.398493 -0.299519 0.900828
333 -42 -0.399092 -0.190002 -1.90122 0.401299 -0.298583 0.899893
335 -2 -0.380979 -0.193939 -2.1041 0.403995 -0.292033 0.900836
335 29 -0.413572 -0.213936 -2.29634 0.395148 -0.303574 0.900944
357 199 -0.40607 0.303194 -1.8982 0.408474 -0.304897 0.894531
355 206 -0.375812 0.290415 -2.10581 0.395402 -0.299367 0.90224
355 207 -0.400491 0.285353 -2.30178 0.394532 -0.311236 0.898597
382 444 -0.397014 0.795755 -1.90241 0.407836 -0.315726 0.891059
375 412 -0.390162 0.787838 -2.10644 0.395601 -0.316337 0.896343
370 388 -0.37889 0.837145 -2.29033 0.40375 -0.296872 0.899362
94 -13 0.110265 -0.198825 -1.89956 0.394143 -0.300014 0.902576
132 22 0.101342 -0.199503 -2.09998 0.397503 -0.304302 0.899662
159 50 0.0689256 -0.195353 -2.30154 0.394885 -0.290888 0.905235
119 225 0.0781256 0.307811 -1.89978 0.394985 -0.305362 0.900411
154 223 0.0944157 0.309663 -2.09886 0.407214 -0.299358 0.896973
175 223 0.124714 0.326494 -2.29518 0.40088 -0.294364 0.901468
140 465 0.0930535 0.792259 -1.90359 0.391535 -0.289101 0.90726
172 431 0.0899974 0.783318 -2.10673 0.398492 -0.302463 0.899844
193 403 0.0914564 0.802122 -2.29962 0.39864 -0.297819 0.901327
578 -70 -0.886949 -0.509927 -1.9035 0.402778 0.0140848 0.89865
542 -25 -0.901262 -0.496959 -2.10018 0.393815 -0.00357801 0.902716
514 12 -0.896676 -0.504918 -2.30022 0.390928 0.00954237 0.903927
604 176 -0.911563 0.0244718 -1.89432 0.398638 -0.0033387 0.900598
564 184 -0.886063 0.00615578 -2.10591 0.404089 -0.00252969 0.898168
533 187 -0.895728 -0.00745825 -2.30166 0.400296 -0.000434789 0.899868
630 422 -0.893209 0.508963 -1.90082 0.398513 -0.00446569 0.900648
586 393 -0.896677 0.494254 -2.10278 0.400434 -0.000345937 0.899807
553 368 -0.896273 0.493883 -2.30278 0.39284 0.00231003 0.903145
331 -41 -0.402131 -0.51737 -1.89489 0.4121 0.00123749 0.894523
335 1 -0.402741 -0.499788 -2.09953 0.404134 0.00986092 0.898097
337 29 -0.392736 -0.502655 -2.30067 0.397463 -0.00224094 0.90112
357 198 -0.412171 -0.00392556 -1.89739 0.397381 0.000101223 0.901159
357 202 -0.401015 -0.00314995 -2.0998 0.401658 -0.00688409 0.899235
354 209 -0.403804 -0.00217707 -2.29933 0.399801 -0.000688595 0.900088
382 442 -0.40117 0.496568 -1.90065 0.399997 -3.58182e-005 0.900001
376 410 -0.389772 0.483157 -2.10586 0.398766 0.000297012 0.900547
374 384 -0.390217 0.48808 -2.30424 0.399506 -0.00118683 0.900219
93 -14 0.116966 -0.477089 -1.90492 0.403947 0.0179974 0.898055
135 24 0.0971437 -0.479259 -2.10496 0.394192 -0.00299497 0.902554
161 51 0.101851 -0.501112 -2.29968 0.400203 -8.04254e-005 0.89991
115 226 0.107723 -0.00406518 -1.89957 0.38512 0.0033232 0.906461
154 224 0.109979 0.00294603 -2.0995 0.407967 -0.0122187 0.896334
175 224 0.097954 0.00567588 -2.30008 0.40021 -0.00290957 0.899902
142 463 0.115622 0.503953 -1.89807 0.398997 0.00260998 0.900441
173 431 0.095401 0.479956 -2.10489 0.399627 0.000845353 0.900165
194 403 0.0884073 0.477424 -2.30527 0.400337 0.00309096 0.899845
578 -71 -0.893424 -0.79225 -1.90634 0.400076 0.298903 0.900331
544 -25 -0.888526 -0.801929 -2.10415 0.388048 0.310267 0.90175
517 11 -0.945387 -0.807744 -2.27899 0.41339 0.295339 0.895479
603 174 -0.900699 -0.298956 -1.89983 0.404854 0.288309 0.901649
564 185 -0.881942 -0.279794 -2.11042 0.397291 0.309399 0.898015
536 190 -0.896468 -0.303958 -2.30086 0.400227 0.299554 0.900047
631 425 -0.895905 0.202977 -1.90162 0.405493 0.304271 0.8961
586 390 -0.896711 0.192082 -2.10214 0.40758 0.291869 0.899273
552 370 -0.87268 0.203705 -2.31018 0.395752 0.288189 0.905719
334 -42 -0.397027 -0.796954 -1.9019 0.401392 0.302971 0.898384
333 2 -0.407779 -0.805282 -2.09648 0.410851 0.290988 0.898069
335 30 -0.400188 -0.801892 -2.29931 0.39307 0.312549 0.898782
357 198 -0.436708 -0.297846 -1.89224 0.399932 0.300308 0.899927
354 205 -0.407928 -0.292279 -2.09956 0.394749 0.298352 0.902862
356 207 -0.401656 -0.297466 -2.30004 0.405657 0.306869 0.895139
382 444 -0.408605 0.188559 -1.89934 0.39265 0.287123 0.907406
374 408 -0.39647 0.21978 -2.09869 0.390039 0.314153 0.899543
370 385 -0.398298 0.201884 -2.30013 0.383346 0.306666 0.904987
95 -11 0.0966858 -0.823368 -1.89016 0.396482 0.297874 0.90226
133 20 0.115274 -0.798089 -2.09994 0.408593 0.29775 0.896882
161 49 0.0926847 -0.783637 -2.30593 0.403786 0.298088 0.898944
117 225 0.0964313 -0.300848 -1.90005 0.399961 0.299966 0.900029
150 222 0.10433 -0.29849 -2.1 0.406568 0.298328 0.897609
177 224 0.101629 -0.317919 -2.29752 0.398154 0.302811 0.899877
142 465 0.115397 0.231322 -1.89557 0.398747 0.293629 0.902653
169 430 0.104622 0.21816 -2.09797 0.400152 0.295522 0.901413
192 404 0.10969 0.230634 -2.29669 0.403953 0.30558 0.89635
576 -71 -0.117172 -0.219749 -2.19727 -0.397684 -0.307098 1.19897
543 -23 -0.0996217 -0.210718 -2.3991 -0.399376 -0.301733 1.19977
517 9 -0.0999115 -0.199881 -2.60001 -0.395042 -0.314877 1.19783
603 175 -0.113688 0.307888 -2.19824 -0.389064 -0.292248 1.2055
563 183 -0.112378 0.316246 -2.39737 -0.416253 -0.304777 1.19325
532 187 -0.0940826 0.273651 -2.60313 -0.401186 -0.300004 1.1996
631 423 -0.0978662 0.768814 -2.21119 -0.399884 -0.299818 1.20008
588 391 -0.0951618 0.839567 -2.38664 -0.400336 -0.301011 1.19963
552 369 -0.0973738 0.777658 -2.60687 -0.411911 -0.289708 1.1985
332 -40 0.372638 -0.217289 -2.20316 -0.392901 -0.302713 1.20166
334 2 0.393484 -0.241105 -2.3973 -0.398856 -0.301998 1.19988
336 29 0.400008 -0.198844 -2.60009 -0.402951 -0.296397 1.19991
356 198 0.400619 0.299059 -2.20002 -0.402095 -0.288558 1.2021
355 206 0.403222 0.273651 -2.40261 -0.397905 -0.281807 1.2051
353 207 0.404206 0.304655 -2.59881 -0.395088 -0.299531 1.20174
382 443 0.376769 0.779814 -2.21132 -0.399938 -0.299722 1.20009
378 409 0.413639 0.804792 -2.39608 -0.399508 -0.300545 1.20003
371 385 0.39199 0.807882 -2.59878 -0.396633 -0.300875 1.2009
97 -11 0.903371 -0.200125 -2.19861 -0.398617 -0.299291 1.20064
134 20 0.919697 -0.203537 -2.39222 -0.400548 -0.279679 1.20472
163 49 0.901069 -0.200532 -2.59959 -0.408628 -0.297085 1.19782
116 224 0.900358 0.29142 -2.20101 -0.405562 -0.288441 1.20097
152 223 0.92388 0.296612 -2.39133 -0.408151 -0.297607 1.19785
176 224 0.91242 0.354117 -2.58884 -0.392716 -0.324748 1.19596
141 465 0.900512 0.793201 -2.20225 -0.389054 -0.291985 1.20556
170 427 0.907031 0.83051 -2.38695 -0.398316 -0.315405 1.19661
192 400 0.94518 0.793076 -2.58605 -0.390676 -0.302361 1.20248
578 -70 -0.0620731 -0.499545 -2.2015 -0.403587 0.0167116 1.19868
542 -23 -0.107412 -0.488671 -2.40201 -0.408586 -0.0200932 1.19694
517 10 -0.0914692 -0.520016 -2.59639 -0.398068 -0.0110671 1.20059
604 176 -0.0816465 -0.00735057 -2.20075 -0.394305 0.0113143 1.20183
564 183 -0.0942412 -0.00195312 -2.40023 -0.403538 0.00959008 1.19878
534 190 -0.100262 -0.000745254 -2.59999 -0.398234 0.0208963 1.20041
631 425 -0.102082 0.538752 -2.19074 -0.40124 -0.00298264 1.19958
586 392 -0.106294 0.528332 -2.39365 -0.398904 0.000484231 1.20036
555 369 -0.0874525 0.510184 -2.59847 -0.399922 -0.000100951 1.20003
335 -41 0.393202 -0.520607 -2.19644 -0.39167 -0.00974961 1.20271
337 1 0.390456 -0.495546 -2.40249 -0.398812 0.00683846 1.20038
337 29 0.371593 -0.511859 -2.60191 -0.387623 -0.00541952 1.20404
357 200 0.401173 0.00313221 -2.19978 -0.422736 0.00305526 1.19218
357 202 0.401456 0.0275453 -2.3996 -0.406144 -0.0110127 1.19788
354 209 0.400417 0.0102777 -2.59992 -0.400704 -0.0237378 1.19953
381 444 0.398937 0.490467 -2.20234 -0.399195 -0.00536613 1.20026
378 410 0.379874 0.510951 -2.40096 -0.410162 -0.00742135 1.19654
371 387 0.401329 0.494671 -2.60081 -0.400094 0.000120458 1.19997
95 -15 0.905481 -0.488942 -2.20024 -0.398883 -0.00154933 1.20037
131 21 0.899685 -0.52678 -2.39438 -0.393407 0.00827595 1.20215
159 49 0.899554 -0.498349 -2.60047 -0.399567 -0.00858157 1.20011
117 224 0.897656 0.013288 -2.20092 -0.399343 0.020906 1.20004
152 222 0.900193 -0.00217447 -2.39993 -0.400267 0.015564 1.19981
177 225 0.899411 0.00482649 -2.6002 -0.403667 0.0031461 1.19877
140 465 0.890983 0.527948 -2.19714 -0.404358 0.0191376 1.19839
173 427 0.915822 0.498042 -2.39442 -0.408411 -0.0057238 1.19715
193 403 0.912739 0.532081 -2.58917 -0.40734 -0.0115745 1.19747
578 -67 -0.106413 -0.781914 -2.20619 -0.413723 0.292955 1.19708
540 -23 -0.0984182 -0.797694 -2.40083 -0.399383 0.287465 1.20327
514 10 -0.0968189 -0.809264 -2.59725 -0.392483 0.308865 1.20023
602 173 -0.110302 -0.301097 -2.19936 -0.399916 0.288899 1.20275
566 185 -0.101214 -0.299144 -2.40006 -0.391565 0.296276 1.2037
534 188 -0.0921496 -0.318747 -2.59806 -0.402324 0.280194 1.204
631 424 -0.0785652 0.18786 -2.20194 -0.400014 0.299794 1.20005
588 394 -0.107322 0.212873 -2.39858 -0.386333 0.303698 1.20354
551 369 -0.103313 0.20177 -2.59973 -0.400041 0.300083 1.19997
333 -41 0.387433 -0.793718 -2.20452 -0.402314 0.308012 1.19719
336 0 0.40019 -0.800092 -2.39994 -0.40721 0.295545 1.19868
338 28 0.407947 -0.818692 -2.59294 -0.384617 0.284852 1.20869
358 201 0.425512 -0.290896 -2.19643 -0.395074 0.314245 1.19798
354 203 0.394041 -0.287998 -2.40245 -0.412912 0.304625 1.19445
355 209 0.358186 -0.281487 -2.60815 -0.399718 0.300543 1.19996
381 446 0.400194 0.199866 -2.19998 -0.400578 0.298781 1.20011
378 408 0.406645 0.199234 -2.39895 -0.403668 0.294337 1.20017
370 385 0.409417 0.183793 -2.59973 -0.402927 0.298597 1.19937
95 -11 0.886917 -0.82235 -2.19707 -0.403918 0.276774 1.20426
131 20 0.903843 -0.802673 -2.39766 -0.3931 0.301391 1.20193
159 50 0.889104 -0.788466 -2.60726 -0.399531 0.300425 1.20005
116 223 0.899843 -0.30156 -2.19985 -0.40002 0.301379 1.19965
153 224 0.898257 -0.301792 -2.40043 -0.408665 0.291787 1.19911
175 225 0.920597 -0.30103 -2.59266 -0.40315 0.304027 1.19793
140 467 0.878841 0.215603 -2.20707 -0.395395 0.301442 1.20116
171 427 0.914678 0.193007 -2.39502 -0.396199 0.290057 1.2037
194 404 0.894997 0.1752 -2.60351 -0.406607 0.306812 1.19605
580 -67 -0.499104 -0.202958 -2.19993 0.0133037 -0.312565 1.19671
542 -24 -0.501023 -0.159378 -2.40283 0.000327142 -0.308338 1.19788
515 11 -0.497633 -0.180577 -2.60188 0.016332 -0.289032 1.20258
606 173 -0.503567 0.305196 -2.19847 0.00158477 -0.304158 1.19895
562 184 -0.499874 0.300489 -2.39997 -0.00544021 -0.296587 1.20084
533 190 -0.498556 0.28274 -2.60221 -0.0100306 -0.305119 1.19867
630 424 -0.487121 0.784888 -2.20832 -0.0103904 -0.304367 1.19885
584 391 -0.529864 0.775556 -2.40162 0.00366291 -0.295599 1.20109
555 369 -0.495225 0.798435 -2.60139 0.0045405 -0.29863 1.20033
332 -39 0.00253953 -0.201475 -2.19986 0.00264425 -0.292231 1.20191
336 0 0.000584803 -0.236615 -2.39667 0.00485641 -0.304921 1.19875
338 29 0.0306558 -0.221714 -2.59806 0.000556228 -0.322923 1.19404
356 198 -0.0230156 0.317521 -2.19742 -0.00751952 -0.30372 1.19904
355 203 0.00395264 0.311946 -2.39847 -8.02101e-005 -0.298316 1.20042
356 206 0.0121455 0.299261 -2.60006 -0.00847906 -0.303408 1.19911
382 446 0.00295993 0.791069 -2.20323 0.00291297 -0.301523 1.19961
376 412 -0.00599497 0.809791 -2.39671 -0.0041436 -0.309048 1.19769
373 385 0.0122667 0.797207 -2.60083 -0.000978928 -0.30081 1.1998
94 -13 0.493375 -0.203244 -2.2012 0.0019207 -0.290275 1.20239
135 23 0.499472 -0.198527 -2.40023 0.00222819 -0.305722 1.19855
159 51 0.506134 -0.191057 -2.59949 -0.00285452 -0.30003 1.19999
117 222 0.4891 0.310614 -2.20098 0.00336011 -0.30068 1.19983
151 226 0.499971 0.301847 -2.39977 -0.00101887 -0.299913 1.20002
179 225 0.503364 0.300066 -2.59934 -0.0108103 -0.293625 1.20153
140 466 0.491735 0.799313 -2.20211 0.000332583 -0.309244 1.19765
173 430 0.520092 0.804341 -2.39427 -0.00162023 -0.299878 1.20003
195 404 0.487778 0.811416 -2.59878 0.002299 -0.305572 1.19859
579 -70 -0.482388 -0.504719 -2.20285 -0.0133397 0.0101307 1.19988
542 -23 -0.499847 -0.500342 -2.39996 -0.00074633 -0.00483424 1.19999
515 9 -0.489995 -0.510814 -2.5998 0.000461447 0.00103181 1.2
603 173 -0.504797 0.00499685 -2.1989 -0.00152449 0.00209587 1.2
564 182 -0.504738 -0.0238876 -2.39889 0.00750147 0.00421595 1.19997
532 189 -0.526975 0.0135077 -2.59463 0.00954932 0.00389028 1.19996
631 423 -0.495618 0.512726 -2.19806 -0.0123493 0.0153242 1.19984
588 394 -0.49416 0.527344 -2.39535 -0.00319838 -0.017247 1.19987
553 367 -0.524607 0.497557 -2.59562 -0.00245161 0.00278986 1.19999
332 -43 0.0220247 -0.469396 -2.20662 -0.0154967 -0.0112507 1.19985
337 -1 0.0197632 -0.468861 -2.4062 -0.00442703 -0.00131398 1.19999
338 28 0.0147255 -0.477472 -2.60419 -0.00360033 -0.00775368 1.19997
357 202 0.00121942 -0.00222415 -2.2 0.00328414 -0.00613357 1.19998
353 205 0.0418368 -0.0094339 -2.39962 0.00174405 -0.00361814 1.19999
352 209 0.0291366 0.00711434 -2.59983 -0.000593335 -0.00760582 1.19998
382 444 -0.00509946 0.505672 -2.1987 0.015236 -0.00845002 1.19987
374 408 0.0175583 0.493952 -2.40119 0.0130003 0.0123717 1.19987
370 386 -0.00673097 0.49606 -2.60075 0.00402472 0.00585035 1.19998
95 -15 0.531011 -0.515751 -2.18907 -0.00333432 -0.00434802 1.19999
135 22 0.485052 -0.486935 -2.40575 -0.00328231 0.0130964 1.19992
159 49 0.524252 -0.536967 -2.58782 0.00809445 -0.00238322 1.19997
118 224 0.471204 -0.0146862 -2.2063 0.000828384 0.00276463 1.2
152 225 0.502886 -0.00714873 -2.39939 -0.000517206 0.00170323 1.2
175 226 0.500265 -0.0261599 -2.59982 0.000444001 0.0145911 1.19991
140 467 0.522262 0.505547 -2.19355 0.00513085 0.00272305 1.19999
171 429 0.517777 0.467017 -2.40287 0.0171609 -0.00337522 1.19987
195 401 0.482785 0.48308 -2.60644 -0.00513702 -0.000431594 1.19999
578 -69 -0.494623 -0.816086 -2.1953 -0.00889987 0.304263 1.19889
542 -23 -0.514195 -0.779326 -2.4038 3.06136e-005 0.29984 1.20004
516 11 -0.499356 -0.806755 -2.59804 -0.00232446 0.296459 1.20088
602 176 -0.524551 -0.276393 -2.19737 0.00389619 0.319826 1.19486
563 184 -0.502953 -0.302831 -2.39903 0.00717314 0.287211 1.2031
534 188 -0.494033 -0.304148 -2.60066 0.000186649 0.298906 1.20027
632 421 -0.500341 0.219206 -2.19809 -0.000361924 0.288426 1.20283
585 393 -0.492488 0.19762 -2.40175 -0.00871598 0.306413 1.19835
551 371 -0.50072 0.198703 -2.59996 -0.0040489 0.309282 1.19763
335 -42 0.00707955 -0.782689 -2.20621 0.00195244 0.301971 1.1995
335 0 0.0405828 -0.809928 -2.39632 -0.00134477 0.298348 1.20041
336 29 0.0248233 -0.798864 -2.60023 0.00824081 0.306069 1.19844
358 200 -0.000520665 -0.295396 -2.20062 0.00021466 0.306477 1.19836
355 204 0.0125333 -0.323541 -2.39691 0.00766403 0.286149 1.20335
354 206 0.0302046 -0.295542 -2.60034 -0.00538681 0.299738 1.20005
383 443 -0.0186619 0.230532 -2.19693 0.00440306 0.29688 1.20077
374 411 -0.0025602 0.199536 -2.40004 -0.00636613 0.316185 1.19582
372 385 0.00613343 0.199182 -2.60006 -0.000862535 0.298856 1.20029
95 -13 0.492951 -0.814248 -2.19636 0.000449507 0.300441 1.19989
133 22 0.524196 -0.779401 -2.40161 -0.00148593 0.304696 1.19882
163 48 0.482686 -0.810809 -2.59992 0.00514965 0.298866 1.20027
118 225 0.51192 -0.310518 -2.1958 0.000241055 0.290222 1.2024
151 224 0.51324 -0.275986 -2.40009 -0.0136391 0.305683 1.19849
177 225 0.492813 -0.302777 -2.60105 -0.00247664 0.300274 1.19993
142 467 0.498596 0.191688 -2.20106 0.00213404 0.298643 1.20034
171 430 0.499043 0.196849 -2.40046 0.00172125 0.314326 1.19633
194 404 0.4655 0.196842 -2.60664 -8.04423e-005 0.3001 1.19998
577 -67 -0.895584 -0.207094 -2.20115 0.407242 -0.290677 1.19986
544 -21 -0.913744 -0.176537 -2.39664 0.405786 -0.300928 1.19782
516 8 -0.869099 -0.215401 -2.60927 0.397648 -0.305663 1.19935
606 175 -0.912813 0.311357 -2.19313 0.396535 -0.292859 1.20291
564 181 -0.913438 0.321115 -2.39218 0.40127 -0.296372 1.20048
536 187 -0.877363 0.288034 -2.60907 0.395609 -0.299114 1.20168
630 423 -0.925269 0.77876 -2.19714 0.39988 -0.299866 1.20007
587 392 -0.910989 0.789864 -2.39921 0.400666 -0.287629 1.2028
553 370 -0.900598 0.796739 -2.60079 0.392328 -0.300127 1.2025
335 -41 -0.394777 -0.235604 -2.19742 0.389398 -0.307678 1.20154
333 0 -0.397762 -0.204428 -2.4 0.390146 -0.296713 1.20405
336 27 -0.415407 -0.210841 -2.59673 0.405985 -0.305016 1.19672
355 199 -0.39989 0.277782 -2.20294 0.397315 -0.318676 1.19607
355 203 -0.406633 0.294361 -2.39958 0.395445 -0.298614 1.20185
355 206 -0.397587 0.313819 -2.59874 0.407486 -0.311933 1.19443
384 444 -0.401661 0.801673 -2.19909 0.401107 -0.301425 1.19927
376 408 -0.408743 0.766783 -2.40935 0.403284 -0.300643 1.19874
374 385 -0.389733 0.790892 -2.60434 0.396357 -0.318989 1.19631
94 -13 0.112433 -0.20891 -2.19857 0.4 -0.300029 1.19999
131 21 0.0796853 -0.189771 -2.40159 0.386369 -0.309621 1.20202
162 48 0.103063 -0.200465 -2.59984 0.406875 -0.294425 1.19907
119 226 0.0961284 0.301828 -2.19992 0.399261 -0.296517 1.20111
152 222 0.103069 0.30001 -2.39987 0.408905 -0.289201 1.19965
177 225 0.0882315 0.283416 -2.60229 0.394375 -0.297048 1.20259
138 467 0.104687 0.79991 -2.19981 0.386762 -0.309076 1.20203
170 427 0.0965731 0.768292 -2.41048 0.414224 -0.310873 1.19238
194 403 0.114533 0.831943 -2.58935 0.405034 -0.307397 1.19643
577 -68 -0.922253 -0.497748 -2.19128 0.406698 -0.00793719 1.19772
541 -25 -0.901452 -0.488201 -2.40188 0.389638 0.0146358 1.20332
517 9 -0.898969 -0.496748 -2.60098 0.401947 -0.00401035 1.19934
603 176 -0.898206 0.000544482 -2.20073 0.390928 0.00177198 1.20298
566 183 -0.905465 0.0172378 -2.39788 0.401067 -0.00243746 1.19964
533 188 -0.896406 -0.002372 -2.60124 0.406453 -0.00688359 1.19781
631 422 -0.904281 0.507259 -2.19658 0.40102 -0.0210676 1.19947
586 393 -0.907847 0.49567 -2.39794 0.410601 -0.00920425 1.19638
551 369 -0.880506 0.471266 -2.61201 0.3985 0.00508276 1.20049
331 -41 -0.390618 -0.482989 -2.20548 0.395561 0.00110908 1.20147
335 1 -0.404173 -0.504306 -2.3984 0.408067 0.00756705 1.19726
336 27 -0.431659 -0.493815 -2.59612 0.402163 0.00660485 1.19926
359 201 -0.367195 -0.000739173 -2.20571 0.399985 0.000360262 1.2
354 206 -0.411261 -0.0168366 -2.39804 0.396676 -0.00083903 1.2011
352 207 -0.393505 0.00106107 -2.60099 0.403928 0.0200426 1.19852
383 444 -0.396823 0.508485 -2.19863 0.407391 -0.0154828 1.19741
378 408 -0.397732 0.496777 -2.40105 0.399271 -0.00339324 1.20024
373 384 -0.370567 0.475135 -2.60901 0.394997 -0.0153029 1.20156
94 -13 0.115253 -0.521185 -2.19433 0.399551 -0.0156398 1.20005
132 20 0.0988872 -0.505043 -2.39899 0.408148 -0.0249548 1.19699
162 47 0.142624 -0.500822 -2.59785 0.399815 0.00160411 1.20006
117 224 0.0889917 0.0164015 -2.20041 0.400848 0.00218687 1.19972
153 224 0.0966517 -0.0155848 -2.40009 0.40002 -0.0012478 1.19999
177 223 0.0787939 -0.0135559 -2.60069 0.412276 0.00137618 1.19584
139 464 0.0960298 0.48098 -2.20441 0.399056 -0.0037485 1.20031
169 430 0.10019 0.500997 -2.39978 0.403672 0.00512137 1.19876
194 401 0.0989066 0.514679 -2.59718 0.395947 -0.0035067 1.20134
576 -69 -0.907975 -0.808443 -2.19363 0.393687 0.302125 1.20155
541 -25 -0.900254 -0.800172 -2.39985 0.398661 0.306249 1.19887
515 8 -0.887353 -0.81375 -2.60008 0.405696 0.321551 1.19248
604 176 -0.914994 -0.294878 -2.1945 0.401146 0.292181 1.20155
562 184 -0.898808 -0.274368 -2.40351 0.399221 0.299976 1.20027
536 189 -0.893867 -0.298125 -2.60233 0.400774 0.316763 1.19543
630 423 -0.918739 0.207316 -2.19156 0.400728 0.299256 1.19994
588 393 -0.881171 0.224092 -2.40485 0.400168 0.287634 1.20297
555 370 -0.897391 0.208307 -2.60025 0.400577 0.30122 1.1995
333 -42 -0.396671 -0.797149 -2.20164 0.397927 0.282068 1.20503
335 0 -0.412457 -0.816879 -2.39219 0.398541 0.297111 1.2012
338 29 -0.402277 -0.791955 -2.60211 0.398257 0.301536 1.20019
356 200 -0.415499 -0.316228 -2.19485 0.398251 0.297376 1.20123
355 206 -0.415714 -0.267554 -2.40117 0.406093 0.301818 1.1975
354 207 -0.383369 -0.317088 -2.60048 0.384852 0.316076 1.20083
382 446 -0.403164 0.192835 -2.20006 0.39322 0.289507 1.20481
374 412 -0.400026 0.20302 -2.39974 0.399297 0.289832 1.20273
371 384 -0.413907 0.177833 -2.59943 0.400371 0.297416 1.20052
95 -13 0.131275 -0.804996 -2.19653 0.402906 0.28902 1.20172
134 24 0.123563 -0.796273 -2.40014 0.3971 0.296752 1.20177
161 49 0.0974334 -0.771784 -2.60861 0.400022 0.298452 1.20038
119 226 0.102017 -0.264147 -2.2045 0.406414 0.297205 1.19854
153 222 0.0709108 -0.312011 -2.3995 0.405321 0.293084 1.19992
178 225 0.102261 -0.334074 -2.59575 0.406585 0.310378 1.19514
140 465 0.119421 0.194802 -2.1995 0.404392 0.296704 1.19935
169 431 0.118755 0.222696 -2.39715 0.409285 0.301089 1.19659
193 404 0.108005 0.192288 -2.60026 0.400023 0.299994 1.19999
0 0 0 1 0 0 0 
calibration result:
fitted value:0.0324992 0.0376874 0.109506 0.998631 0.000645397 0.0152335 0.049563 
k:8873
judgement1 and judgement2:1.01323e-009 3.96171e-010
calibration time:14096.4ms
