729
536.703 536.819 328.442 221.513

578 -67 -0.111802 -0.201257 -1.59906 -0.398235 -0.303199 0.599566
541 -25 -0.0922215 -0.194428 -1.80103 -0.39783 -0.304614 0.599117
513 8 -0.112767 -0.194741 -1.99984 -0.400344 -0.295299 0.602099
602 175 -0.0959811 0.304992 -1.5993 -0.399384 -0.300751 0.600034
564 182 -0.101433 0.300595 -1.79982 -0.398881 -0.301357 0.600065
534 188 -0.11366 0.306824 -1.99823 -0.401933 -0.302909 0.597241
630 423 -0.109603 0.79241 -1.60314 -0.399502 -0.304294 0.598167
587 390 -0.0918941 0.803885 -1.7987 -0.396947 -0.299257 0.602394
555 370 -0.101069 0.783252 -2.00656 -0.402366 -0.297764 0.599532
334 -43 0.400154 -0.199791 -1.59999 -0.400441 -0.299918 0.599747
333 -1 0.398649 -0.200145 -1.80028 -0.399724 -0.301065 0.599651
335 29 0.399835 -0.202397 -1.99979 -0.399083 -0.306458 0.597341
355 202 0.400076 0.300207 -1.59994 -0.399952 -0.29997 0.600047
353 206 0.399883 0.298605 -1.80026 -0.401605 -0.29375 0.602017
352 207 0.406618 0.304316 -1.99801 -0.401395 -0.295344 0.601377
383 444 0.399939 0.800245 -1.59989 -0.399243 -0.300775 0.600116
376 408 0.413688 0.801451 -1.79626 -0.404641 -0.296102 0.598823
374 385 0.394922 0.817831 -1.99379 -0.40045 -0.298862 0.600268
94 -12 0.901222 -0.19952 -1.59937 -0.4014 -0.297309 0.600404
133 20 0.901356 -0.196354 -1.79972 -0.398295 -0.295512 0.603352
163 47 0.899364 -0.200463 -2.00024 -0.400309 -0.301304 0.59914
115 225 0.897696 0.287687 -1.60355 -0.399271 -0.300781 0.600095
150 222 0.895796 0.310848 -1.80026 -0.40097 -0.299732 0.599487
175 225 0.904122 0.312376 -1.99624 -0.395891 -0.29873 0.60335
141 464 0.895396 0.807526 -1.5988 -0.398954 -0.29784 0.60177
171 431 0.901199 0.800281 -1.79928 -0.400124 -0.300299 0.599768
194 404 0.901314 0.808483 -1.99599 -0.40167 -0.301177 0.598292
580 -70 -0.112974 -0.502865 -1.59824 -0.399643 0.000788367 0.600237
542 -23 -0.103925 -0.505044 -1.79837 -0.400743 0.00332001 0.599495
515 10 -0.102104 -0.499037 -2.00013 -0.398221 -0.00341768 0.601172
604 176 -0.0989875 -0.00445664 -1.60006 -0.402711 0.000327438 0.598183
564 184 -0.0999652 -0.00111712 -1.8 -0.401014 0.00554121 0.599297
535 187 -0.10136 -0.00939873 -1.99991 -0.399386 -0.00550339 0.600383
628 425 -0.0998673 0.505253 -1.59836 -0.400522 -6.7577e-005 0.599652
586 393 -0.0943678 0.506012 -1.79862 -0.399005 -0.00141391 0.600661
551 368 -0.10012 0.499712 -2.00007 -0.400003 0.0015071 0.599996
332 -39 0.396919 -0.501573 -1.60028 -0.398254 -0.00658758 0.601125
333 2 0.402399 -0.489067 -1.80247 -0.399725 -0.000149884 0.600183
338 29 0.405679 -0.501548 -1.99847 -0.400022 2.44971e-006 0.599985
357 200 0.400056 -0.00333519 -1.59998 -0.400889 0.000810877 0.599406
353 204 0.398492 0.00198903 -1.80033 -0.400084 -0.00117892 0.599943
354 207 0.392468 0.00235903 -2.00149 -0.400022 1.14043e-005 0.599986
384 444 0.405983 0.506819 -1.59634 -0.40052 -0.000540958 0.599653
378 410 0.387279 0.504377 -1.80156 -0.39918 0.000721901 0.600546
371 384 0.40596 0.506881 -1.99706 -0.400983 0.00471854 0.599325
96 -12 0.893372 -0.508461 -1.60105 -0.400703 0.000781181 0.599531
133 21 0.899636 -0.499387 -1.80035 -0.399081 0.0012993 0.60061
161 48 0.889354 -0.513195 -2.00142 -0.399645 0.000682122 0.600236
119 225 0.902444 0.00315993 -1.59862 -0.402381 0.000284754 0.598406
151 223 0.902467 0.00641503 -1.79875 -0.397262 0.000720501 0.601816
175 224 0.900387 0.00180892 -1.99982 -0.399215 0.00371904 0.600511
138 463 0.905386 0.497419 -1.59776 -0.397996 0.00492765 0.601311
171 431 0.900232 0.493198 -1.80176 -0.400257 0.000941115 0.599828
194 401 0.902079 0.501473 -1.99869 -0.405633 0.00205228 0.596203
576 -67 -0.0997565 -0.801548 -1.59924 -0.397392 0.298419 0.602516
540 -23 -0.099105 -0.797982 -1.80095 -0.397309 0.299915 0.601828
516 11 -0.0929181 -0.805029 -1.99832 -0.399339 0.306089 0.597359
602 177 -0.0992078 -0.299666 -1.60011 -0.3997 0.29774 0.601324
563 181 -0.0954276 -0.297901 -1.8006 -0.400324 0.299324 0.600121
533 187 -0.0892076 -0.296002 -2.00111 -0.400358 0.298263 0.600627
628 424 -0.0923693 0.199938 -1.60047 -0.398189 0.305911 0.598217
584 393 -0.0974906 0.188441 -1.80138 -0.402219 0.300162 0.598433
552 368 -0.104508 0.203831 -1.99938 -0.40222 0.304309 0.596335
333 -41 0.405073 -0.804595 -1.59642 -0.39937 0.300941 0.599949
335 0 0.39073 -0.799558 -1.80223 -0.400308 0.300493 0.599548
336 27 0.404374 -0.794824 -2.00118 -0.400278 0.299964 0.599833
356 198 0.407507 -0.304983 -1.59716 -0.398476 0.300719 0.600654
355 206 0.399752 -0.29932 -1.80017 -0.400233 0.298766 0.60046
353 209 0.39743 -0.30205 -2.0002 -0.39601 0.300344 0.60247
381 444 0.39907 0.200309 -1.60019 -0.401002 0.30167 0.598492
378 409 0.392459 0.208909 -1.80065 -0.403366 0.297873 0.598805
373 384 0.399083 0.198453 -2.00034 -0.399911 0.297056 0.601522
93 -11 0.899057 -0.800121 -1.60047 -0.402305 0.298037 0.599437
131 20 0.898718 -0.805714 -1.79809 -0.399208 0.300563 0.600246
159 50 0.885702 -0.802055 -2.00555 -0.401212 0.300638 0.59887
115 224 0.898708 -0.301426 -1.60046 -0.400565 0.298632 0.600306
153 225 0.898699 -0.318759 -1.79742 -0.402269 0.293801 0.601548
176 226 0.894957 -0.299827 -2.00229 -0.403258 0.301631 0.596994
140 466 0.900844 0.198368 -1.59973 -0.397019 0.303323 0.600309
169 429 0.902723 0.199823 -1.79866 -0.394908 0.298252 0.60423
194 400 0.904361 0.20272 -1.99776 -0.399773 0.297999 0.601147
578 -68 -0.490137 -0.195226 -1.60364 0.00483721 -0.298904 0.600527
542 -23 -0.501123 -0.201473 -1.79952 -0.00180025 -0.296889 0.601543
515 9 -0.500565 -0.198696 -1.99999 8.32035e-006 -0.301923 0.599035
606 174 -0.507585 0.295814 -1.59839 -0.00317567 -0.297816 0.601079
565 185 -0.500556 0.300894 -1.7997 0.00511796 -0.296446 0.601742
533 190 -0.503691 0.30918 -1.99767 0.000113576 -0.299076 0.600461
632 421 -0.506376 0.79158 -1.60218 -0.000132148 -0.300201 0.5999
588 390 -0.497201 0.800921 -1.80037 0.00233138 -0.297966 0.601008
555 369 -0.498013 0.801288 -1.99998 -0.00394745 -0.302402 0.59878
335 -42 -0.00229331 -0.202409 -1.5997 -0.00027579 -0.299068 0.600465
335 0 -0.0117838 -0.209641 -1.79886 -0.000194764 -0.305572 0.597182
336 31 -0.00309002 -0.199401 -2.00006 7.76284e-005 -0.300226 0.599887
359 200 0.000949374 0.300166 -1.59997 -0.000131434 -0.300206 0.599897
354 206 0.00877845 0.29792 -1.80032 0.00253611 -0.302541 0.598717
356 207 -0.00406646 0.30299 -1.99954 0.00246521 -0.302476 0.598751
380 444 0.00023204 0.801573 -1.59921 -0.00114573 -0.299416 0.600291
374 408 0.00286273 0.790999 -1.80397 -0.00134786 -0.299471 0.600263
374 386 -0.0153608 0.805833 -1.9976 -0.00382371 -0.301781 0.599094
93 -12 0.499592 -0.197984 -1.60038 -0.00126101 -0.299581 0.600208
132 23 0.499845 -0.207284 -1.79922 -0.000970016 -0.29956 0.600219
159 49 0.500777 -0.201353 -1.99967 -0.00116143 -0.295152 0.602398
118 223 0.49964 0.307199 -1.59875 0.00192961 -0.30043 0.599782
152 226 0.499398 0.299574 -1.80024 0.00135637 -0.298644 0.600675
179 224 0.497629 0.305226 -1.9998 -0.000506282 -0.299593 0.600203
140 467 0.498322 0.804314 -1.59836 0.00251528 -0.300047 0.599971
171 427 0.501442 0.792568 -1.80288 -0.00369975 -0.298275 0.600848
196 400 0.498901 0.795024 -2.00226 -0.000353864 -0.29994 0.60003
578 -69 -0.498683 -0.503387 -1.59935 -0.000698917 0.000673415 0.599999
543 -23 -0.499777 -0.49789 -1.80065 -6.39994e-005 -2.04895e-005 0.6
517 10 -0.509581 -0.488536 -2.00042 -0.0016375 0.00305816 0.59999
604 173 -0.502357 -0.00124972 -1.59926 -7.98221e-005 -0.00272299 0.599994
562 183 -0.498964 0.00656625 -1.80028 -0.0017228 0.00363555 0.599987
532 189 -0.493817 -0.0174825 -2.00146 -0.000429901 -0.00277772 0.599993
631 423 -0.501836 0.500332 -1.59932 -0.00197232 -0.00177926 0.599994
586 391 -0.494254 0.506714 -1.79971 0.00256903 -0.000931508 0.599994
551 370 -0.500035 0.484381 -2.00383 0.000966839 -0.00186813 0.599996
333 -41 0.0057926 -0.493333 -1.60206 -0.000385049 -9.49043e-005 0.6
337 -2 0.00126885 -0.50491 -1.79863 -0.00215475 0.00432029 0.599981
337 28 0.000102086 -0.500101 -1.99997 0.00229824 0.00157417 0.599994
358 200 -3.41868e-005 -0.00158806 -1.6 -0.00316767 -0.00149156 0.59999
353 204 -0.00614593 0.0117072 -1.79995 8.56063e-005 -0.000513764 0.6
355 205 0.00898865 -0.0112586 -1.99995 0.00225103 -0.00243298 0.599991
381 444 0.00401485 0.497952 -1.60063 -5.80668e-005 0.000771427 0.6
375 410 0.00482738 0.488127 -1.80325 -0.00262742 -0.00319582 0.599986
371 385 -0.00454866 0.488073 -2.00294 0.000967029 0.00259727 0.599994
93 -14 0.503535 -0.507626 -1.59649 0.000780212 -0.00335515 0.59999
133 24 0.495689 -0.499704 -1.80127 -0.000591979 0.00312179 0.599992
159 49 0.499173 -0.499553 -2.00032 0.00273074 -0.00432464 0.599978
117 225 0.505152 0.00420421 -1.59838 -0.00256716 -0.00131754 0.599993
154 226 0.505137 0.00691857 -1.79855 0.000796109 0.00068863 0.599999
175 227 0.498262 -0.014785 -2.00038 0.000832832 -0.00336076 0.59999
141 464 0.499962 0.499984 -1.60002 -0.0039191 0.00292104 0.59998
173 429 0.498481 0.501638 -1.79997 -0.0020739 0.000165257 0.599996
194 400 0.499833 0.490717 -2.00234 -7.60822e-005 -0.00155502 0.599998
580 -69 -0.503529 -0.803786 -1.59699 0.00123322 0.304141 0.59791
544 -25 -0.503238 -0.800031 -1.79908 -0.0016847 0.300237 0.599879
516 10 -0.500069 -0.793883 -2.00242 -8.38295e-005 0.299292 0.600354
605 175 -0.491978 -0.296877 -1.60307 -6.22089e-005 0.300199 0.5999
565 185 -0.505946 -0.304708 -1.79755 0.00602093 0.301469 0.599233
533 191 -0.49999 -0.299996 -2 -0.00114181 0.298809 0.600593
630 423 -0.500206 0.199683 -1.59998 0.00140436 0.299707 0.600145
586 392 -0.495064 0.211893 -1.8 0.00291356 0.30066 0.599663
553 369 -0.494824 0.181635 -2.00304 0.000580664 0.300314 0.599843
335 -41 0.000563501 -0.80184 -1.59908 -0.000599691 0.30293 0.598526
337 -1 0.00104792 -0.802678 -1.79881 0.00271764 0.29999 0.599999
338 28 0.00126348 -0.789785 -2.00406 0.00119466 0.298422 0.600785
359 200 0.00358471 -0.303026 -1.59943 0.00159758 0.297905 0.601041
353 203 -0.00235854 -0.317571 -1.79698 -0.00135524 0.300726 0.599635
354 207 -8.15152e-005 -0.300197 -1.99997 0.00443688 0.298268 0.600847
384 444 0.000502184 0.197503 -1.60031 0.00179108 0.29987 0.600063
378 409 -0.00707254 0.207413 -1.79915 -0.00065011 0.299136 0.600431
370 384 0.0112905 0.20815 -1.99914 -0.00354737 0.30018 0.5999
96 -12 0.498882 -0.801321 -1.59969 -0.0012718 0.296496 0.601738
133 20 0.498933 -0.80115 -1.79978 -0.00363539 0.296362 0.601794
160 48 0.495897 -0.784769 -2.00704 -0.0027234 0.300483 0.599752
115 226 0.505441 -0.305163 -1.59731 6.73917e-005 0.300091 0.599955
152 224 0.496431 -0.287924 -1.80296 -0.00122823 0.301999 0.598995
177 226 0.496337 -0.2943 -2.00176 -0.00362073 0.3044 0.597769
141 465 0.494326 0.190098 -1.60297 -0.00158219 0.300899 0.599547
169 428 0.503585 0.192329 -1.79984 -0.00253134 0.299452 0.600269
196 403 0.500813 0.200901 -1.99971 0.000264625 0.299853 0.600073
577 -69 -0.898584 -0.21621 -1.59869 0.399061 -0.298692 0.601276
544 -22 -0.898966 -0.202072 -1.80029 0.400543 -0.303822 0.59771
516 12 -0.903434 -0.201262 -1.99832 0.401528 -0.299261 0.599349
604 175 -0.899655 0.306063 -1.59905 0.396797 -0.29878 0.602729
562 183 -0.900947 0.300401 -1.79946 0.402266 -0.300327 0.598319
532 188 -0.900077 0.286965 -2.00188 0.400085 -0.303329 0.598267
632 423 -0.911538 0.791316 -1.59779 0.394181 -0.302849 0.602415
585 391 -0.906179 0.806035 -1.7942 0.397126 -0.294357 0.604686
553 368 -0.892992 0.800751 -2.00284 0.400305 -0.303289 0.59814
332 -40 -0.399402 -0.204163 -1.59962 0.397991 -0.297969 0.602343
335 0 -0.409216 -0.200218 -1.7979 0.395663 -0.296989 0.604358
335 28 -0.397308 -0.199876 -2.00055 0.396351 -0.295402 0.604685
356 198 -0.400727 0.29872 -1.60006 0.404374 -0.295879 0.599114
357 204 -0.399556 0.298045 -1.80042 0.399913 -0.30165 0.59923
353 206 -0.391473 0.303426 -2.00117 0.398521 -0.302528 0.599715
380 444 -0.392748 0.812397 -1.59554 0.404142 -0.299389 0.597524
378 411 -0.399972 0.803039 -1.79865 0.401247 -0.300143 0.599095
372 388 -0.403662 0.797595 -2.00022 0.396308 -0.302315 0.601286
94 -14 0.0870599 -0.197892 -1.60102 0.399403 -0.297834 0.601475
131 22 0.111037 -0.192524 -1.80017 0.399892 -0.300212 0.599966
161 50 0.0867331 -0.196554 -2.00096 0.39964 -0.300961 0.599759
117 226 0.113141 0.293616 -1.60031 0.400497 -0.298283 0.600524
150 222 0.100024 0.297828 -1.80036 0.398037 -0.300523 0.601043
176 225 0.0991041 0.30179 -1.99978 0.400251 -0.301098 0.599282
140 467 0.100052 0.798965 -1.60051 0.39958 -0.301325 0.599615
172 427 0.106547 0.801158 -1.79911 0.40008 -0.299908 0.599993
193 400 0.0929155 0.808202 -1.99704 0.398298 -0.301602 0.600329
577 -71 -0.898066 -0.504095 -1.5998 0.403996 0.00090201 0.597316
544 -23 -0.899348 -0.500391 -1.80022 0.399368 -0.000185952 0.600421
515 11 -0.887083 -0.505547 -2.00437 0.400935 -0.00163683 0.599374
602 176 -0.898351 -0.00874167 -1.6009 0.397967 -0.000371588 0.60135
563 183 -0.896462 -0.00241461 -1.80176 0.400031 -0.00037528 0.599979
533 188 -0.894424 -0.0154149 -2.00244 0.402604 -0.00350145 0.598246
630 425 -0.907374 0.506501 -1.59378 0.400006 -1.73777e-005 0.599996
585 391 -0.897303 0.506458 -1.79954 0.401885 0.00196086 0.598736
552 371 -0.905211 0.504097 -1.99662 0.399698 0.00401991 0.600187
331 -40 -0.401562 -0.502323 -1.59888 0.400031 0.00147761 0.599978
333 2 -0.40718 -0.48993 -1.80116 0.399752 0.00113304 0.600164
334 29 -0.398226 -0.482069 -2.00475 0.400596 6.9378e-005 0.599602
359 198 -0.403856 -0.000811452 -1.59903 0.399982 0.00444653 0.599995
354 203 -0.390106 -0.00185778 -1.80217 0.402634 -0.00554946 0.59821
356 209 -0.408968 0.000235349 -1.99819 0.398619 -0.000385836 0.600918
384 444 -0.393943 0.492895 -1.6037 0.402286 0.00289523 0.598463
376 411 -0.3987 0.492429 -1.80237 0.39965 -0.000849183 0.600233
372 387 -0.397019 0.502274 -2.00002 0.401511 -0.000446226 0.59899
95 -14 0.10107 -0.500768 -1.59969 0.39833 0.00280738 0.601103
131 24 0.089598 -0.496415 -1.80154 0.399185 0.00511739 0.600521
161 50 0.102999 -0.497282 -2.00053 0.400069 -2.39764e-005 0.599954
115 225 0.109447 0.00361543 -1.59938 0.401515 0.00255188 0.598982
151 222 0.0901729 0.0125674 -1.80048 0.400043 0.000344707 0.599971
177 224 0.0992937 0.00692962 -2.00002 0.397425 -0.00432454 0.601693
139 465 0.104957 0.513972 -1.59525 0.400142 -0.000520213 0.599905
169 429 0.099769 0.500629 -1.79984 0.399558 0.000869615 0.600294
194 404 0.0966563 0.509161 -1.99785 0.399967 0.000290833 0.600022
579 -69 -0.898291 -0.806007 -1.59794 0.401751 0.294946 0.601334
542 -23 -0.893932 -0.799251 -1.80335 0.40056 0.298645 0.600303
513 9 -0.900909 -0.800886 -1.99924 0.400845 0.295802 0.601518
606 176 -0.898018 -0.294422 -1.60215 0.4002 0.299147 0.600292
566 183 -0.902982 -0.306374 -1.79743 0.404718 0.300363 0.596646
532 189 -0.900684 -0.294979 -2.00044 0.394969 0.301371 0.60264
630 423 -0.894047 0.19805 -1.60358 0.400475 0.300934 0.599215
588 392 -0.897903 0.204948 -1.80049 0.401219 0.296791 0.600781
551 369 -0.899862 0.200512 -2.00001 0.400589 0.300547 0.599333
333 -41 -0.411073 -0.792432 -1.60096 0.398728 0.299564 0.601064
337 0 -0.399159 -0.802158 -1.79923 0.402815 0.300884 0.59767
338 27 -0.401748 -0.807457 -1.99665 0.400374 0.301238 0.59913
357 199 -0.394596 -0.303899 -1.60061 0.397035 0.299677 0.602127
354 203 -0.404102 -0.304605 -1.79831 0.400849 0.296788 0.60103
353 209 -0.397174 -0.30164 -2.00032 0.397708 0.300013 0.601516
381 443 -0.403219 0.203338 -1.59877 0.398922 0.298881 0.601275
377 408 -0.401113 0.201521 -1.79958 0.402075 0.299572 0.598826
374 386 -0.394483 0.201125 -2.00098 0.398783 0.302441 0.599584
96 -15 0.0999929 -0.799851 -1.60008 0.399776 0.300624 0.599837
134 21 0.102049 -0.802679 -1.79869 0.399338 0.300515 0.600183
159 50 0.101649 -0.800257 -1.99981 0.400109 0.298363 0.600743
115 223 0.0966874 -0.297077 -1.60075 0.397087 0.301423 0.601221
152 224 0.100492 -0.291452 -1.80138 0.400748 0.300298 0.599352
175 227 0.0832645 -0.304863 -2.00003 0.401158 0.298678 0.599886
140 464 0.0988527 0.199563 -1.60013 0.398117 0.299733 0.601384
173 431 0.108913 0.195277 -1.8 0.399209 0.298794 0.601128
194 402 0.0975967 0.202326 -1.99988 0.403953 0.300425 0.597132
578 -69 -0.104574 -0.194532 -1.90032 -0.404276 -0.298217 0.898681
540 -25 -0.0952469 -0.198686 -2.10035 -0.398816 -0.30014 0.900479
514 10 -0.0970759 -0.222208 -2.29809 -0.401434 -0.298045 0.900011
604 174 -0.0958066 0.305696 -1.89931 -0.398866 -0.307739 0.897888
566 184 -0.0967922 0.308973 -2.09885 -0.397666 -0.302636 0.900152
534 189 -0.0984488 0.310298 -2.2987 -0.403569 -0.300989 0.898074
630 423 -0.109301 0.813977 -1.89354 -0.399503 -0.302649 0.899334
584 393 -0.110055 0.80513 -2.09754 -0.406444 -0.305951 0.895096
553 371 -0.116084 0.80826 -2.29635 -0.403459 -0.294842 0.900161
331 -39 0.406394 -0.215339 -1.89696 -0.399268 -0.30255 0.899471
337 0 0.402064 -0.201124 -2.0995 -0.39885 -0.30231 0.899737
338 31 0.392492 -0.189102 -2.30221 -0.405032 -0.292231 0.900306
356 199 0.397807 0.304845 -1.89969 -0.401617 -0.295919 0.90063
355 204 0.407538 0.300254 -2.09851 -0.399239 -0.307104 0.89794
356 207 0.398255 0.306004 -2.29951 -0.398125 -0.300922 0.900523
381 442 0.404491 0.79957 -1.89923 -0.397599 -0.301465 0.900574
375 411 0.403844 0.811229 -2.09495 -0.405444 -0.296431 0.898746
373 384 0.401938 0.80536 -2.29779 -0.403271 -0.298134 0.89916
95 -14 0.904481 -0.20075 -1.89779 -0.395323 -0.298755 0.902477
135 22 0.896163 -0.188058 -2.10274 -0.400195 -0.299105 0.900211
161 50 0.895354 -0.195496 -2.3022 -0.39891 -0.306957 0.898136
118 225 0.893743 0.301724 -1.90268 -0.396633 -0.300538 0.90131
151 223 0.898187 0.30102 -2.10063 -0.403481 -0.297279 0.899349
177 224 0.900158 0.299392 -2.30002 -0.402774 -0.298456 0.899276
141 465 0.890467 0.809854 -1.90032 -0.402086 -0.297498 0.899901
171 428 0.918873 0.793117 -2.09443 -0.401323 -0.301222 0.899002
194 402 0.883389 0.793875 -2.30855 -0.400262 -0.30128 0.899455
580 -69 -0.0931529 -0.486605 -1.90382 -0.395507 -0.00119062 0.901983
542 -21 -0.111146 -0.489799 -2.10184 -0.402055 0.000720926 0.899084
517 11 -0.0926246 -0.508382 -2.29847 -0.398993 0.00544746 0.90043
606 174 -0.108503 -0.00171977 -1.89953 -0.401056 -0.000772079 0.899529
562 181 -0.0926092 -0.00918179 -2.10032 -0.400288 -0.000575959 0.899872
533 190 -0.0984487 -0.0126051 -2.30003 -0.400134 -0.00143548 0.899939
628 422 -0.103827 0.500514 -1.89966 -0.39955 -0.00247083 0.900196
584 392 -0.0817491 0.488454 -2.1035 -0.400069 -2.89897e-005 0.899969
554 369 -0.100524 0.49914 -2.30016 -0.399914 -0.000149527 0.900038
331 -39 0.401361 -0.514814 -1.89575 -0.399989 -0.00143134 0.900004
334 2 0.399988 -0.501375 -2.09967 -0.396569 -0.00280505 0.901513
336 27 0.413743 -0.503484 -2.29681 -0.402671 0.00719689 0.898779
357 202 0.396722 0.00248894 -1.90069 -0.4007 0.00101672 0.899688
354 203 0.400954 0.00253004 -2.09982 -0.399529 -0.00154956 0.900208
352 208 0.390523 0.0107472 -2.3016 -0.401712 0.000156731 0.899237
384 444 0.397303 0.498311 -1.90101 -0.401888 0.000365751 0.899158
377 412 0.396509 0.513999 -2.09728 -0.402315 0.0019566 0.898965
372 386 0.415678 0.502897 -2.29659 -0.406042 0.00387876 0.897282
97 -15 0.898955 -0.500275 -1.90042 -0.398953 0.00201881 0.900462
134 22 0.898249 -0.50028 -2.10068 -0.394957 -0.000287452 0.902224
161 49 0.894396 -0.521499 -2.29741 -0.399469 -0.000377867 0.900236
118 225 0.900837 -0.00103437 -1.8996 -0.3996 -0.00555902 0.90016
153 225 0.909982 0.0163199 -2.09563 -0.398318 -0.000857501 0.900745
176 225 0.901834 0.0055952 -2.29927 -0.39987 -0.0077057 0.900025
139 467 0.892989 0.503436 -1.9024 -0.399979 7.29962e-005 0.900009
173 431 0.906805 0.506193 -2.09558 -0.39912 -0.0019531 0.900388
194 401 0.898734 0.501977 -2.30006 -0.404996 0.00745651 0.897732
578 -68 -0.0970034 -0.816624 -1.89307 -0.402418 0.296031 0.900236
541 -23 -0.119068 -0.793131 -2.10161 -0.391945 0.298447 0.904051
514 12 -0.0946948 -0.803925 -2.29886 -0.397034 0.307121 0.898911
603 175 -0.102453 -0.299639 -1.89993 -0.400907 0.300278 0.899504
564 183 -0.102588 -0.298111 -2.10014 -0.399993 0.300003 0.900002
533 191 -0.0853289 -0.282114 -2.30285 -0.397464 0.295453 0.902624
628 425 -0.101228 0.20125 -1.8998 -0.399687 0.302144 0.899422
584 392 -0.0968743 0.198194 -2.10032 -0.399301 0.295969 0.901643
554 370 -0.103309 0.193214 -2.30043 -0.398071 0.292761 0.903233
332 -40 0.402016 -0.803961 -1.8979 -0.400895 0.299313 0.899831
337 0 0.397431 -0.799075 -2.10084 -0.397595 0.292265 0.903603
336 29 0.413791 -0.788689 -2.30147 -0.393378 0.299477 0.903088
355 198 0.388458 -0.30704 -1.90127 -0.397214 0.301238 0.90082
353 203 0.399118 -0.300442 -2.1001 -0.400842 0.300235 0.899547
353 207 0.399945 -0.302315 -2.29971 -0.401509 0.308198 0.896551
381 444 0.401416 0.198617 -1.89985 -0.400222 0.296076 0.9012
378 411 0.394596 0.203151 -2.10072 -0.400581 0.300544 0.89956
374 386 0.39629 0.21099 -2.29966 -0.394979 0.29502 0.903856
97 -15 0.889296 -0.807514 -1.90186 -0.399941 0.302793 0.89909
134 23 0.902393 -0.801888 -2.09825 -0.401751 0.3013 0.898785
160 48 0.903183 -0.798159 -2.29939 -0.401077 0.30162 0.898979
115 224 0.898436 -0.304274 -1.90006 -0.39976 0.303392 0.898969
150 223 0.89909 -0.298423 -2.10061 -0.394955 0.299603 0.902357
175 226 0.901478 -0.295497 -2.3 -0.39985 0.298351 0.900614
138 466 0.902143 0.196326 -1.89937 -0.400211 0.299704 0.900005
173 429 0.916552 0.201406 -2.09269 -0.397749 0.302523 0.900153
194 402 0.897529 0.19666 -2.30125 -0.398392 0.299551 0.900862
576 -69 -0.502531 -0.202107 -1.89911 -1.92315e-005 -0.301233 0.899588
542 -22 -0.493477 -0.205796 -2.10098 -0.00096622 -0.296307 0.901222
513 12 -0.503351 -0.206303 -2.29871 -0.00241519 -0.300572 0.899806
606 176 -0.490002 0.314249 -1.9003 -0.000659292 -0.299743 0.900085
562 181 -0.50709 0.295432 -2.09895 -0.0020063 -0.302755 0.899075
532 190 -0.500075 0.299194 -2.30009 0.000274932 -0.293732 0.902065
630 423 -0.501996 0.802364 -1.89848 0.000158633 -0.300026 0.899991
586 392 -0.500958 0.797282 -2.10081 0.000321097 -0.294566 0.901793
552 369 -0.489415 0.792286 -2.30494 0.00270139 -0.299484 0.900168
332 -42 -0.00574791 -0.199213 -1.90007 -0.000101994 -0.30143 0.899522
336 2 0.0131173 -0.202243 -2.09974 0.00211033 -0.301279 0.89957
336 29 0.000172519 -0.200961 -2.29992 0.00253298 -0.301376 0.899536
356 200 -0.00185593 0.29721 -1.90044 -0.000209735 -0.303561 0.898805
355 205 0.00264679 0.301604 -2.09977 0.00316992 -0.295431 0.901505
352 206 0.00254933 0.302129 -2.29972 -0.00311169 -0.29832 0.900553
381 444 -0.00028508 0.799916 -1.90004 -3.57969e-006 -0.29997 0.90001
377 409 -0.0104163 0.801414 -2.09943 -0.00128158 -0.298508 0.900495
370 384 -0.00244567 0.800191 -2.29993 -0.000688771 -0.293556 0.902122
96 -11 0.497989 -0.197664 -1.90077 0.00065482 -0.297774 0.900739
132 22 0.500291 -0.201351 -2.0998 0.000578511 -0.29897 0.900342
161 51 0.498521 -0.204843 -2.29989 -0.00363886 -0.299721 0.900086
117 223 0.499222 0.299085 -1.90035 -0.00391188 -0.297494 0.900823
151 226 0.50071 0.288319 -2.10147 -2.3764e-005 -0.297137 0.900949
178 225 0.480889 0.304702 -2.30345 -0.00765117 -0.29921 0.900231
140 465 0.497412 0.802431 -1.89965 -0.00151563 -0.297086 0.900965
173 429 0.50773 0.804313 -2.09649 -0.00347041 -0.301985 0.899329
195 401 0.497685 0.799054 -2.30083 -0.00555452 -0.299483 0.900155
579 -68 -0.492208 -0.499541 -1.90215 -0.000329503 -0.00262579 0.899996
543 -23 -0.485616 -0.509731 -2.10104 -0.000353486 -0.00674131 0.899975
516 11 -0.503431 -0.501964 -2.29882 0.00539354 0.0022658 0.899981
604 176 -0.493593 -0.00109658 -1.90167 -7.53617e-006 -0.00131187 0.899999
565 185 -0.499959 3.27254e-005 -2.10001 -7.01742e-005 -0.00153189 0.899999
534 189 -0.499641 -0.00230161 -2.30008 0.000844269 -0.00350281 0.899993
630 423 -0.497783 0.499867 -1.90062 0.00089412 0.00271278 0.899995
587 391 -0.500471 0.504655 -2.09877 0.00123924 0.000689135 0.899999
553 369 -0.505011 0.500384 -2.29882 0.0043319 -0.00282929 0.899985
333 -43 0.00495358 -0.491016 -1.90233 -0.00042 0.000905763 0.899999
336 1 -0.0109105 -0.490827 -2.10213 0.00600862 -0.00108686 0.899979
338 31 -0.000122119 -0.50001 -2.3 0.000171828 0.00374012 0.899992
355 200 -0.000815941 0.000880873 -1.9 -0.00214833 -0.000613023 0.899997
357 204 -0.00516146 0.0181033 -2.09992 0.00237926 0.00180159 0.899995
352 209 -0.00139223 -0.000699606 -2.3 -0.00140972 -0.00486735 0.899986
380 444 0.012501 0.499332 -1.90013 0.000362173 -0.00023153 0.9
377 408 0.00733305 0.48428 -2.10367 0.00370477 0.00401458 0.899983
373 387 0.00153753 0.515935 -2.29648 -0.00201054 -0.00527167 0.899982
95 -15 0.50103 -0.502213 -1.89914 -2.0647e-005 -0.000568343 0.9
133 21 0.501753 -0.495922 -2.10055 0.00374413 -0.000828318 0.899992
161 49 0.500189 -0.502244 -2.29947 0.000874381 0.0022421 0.899997
118 224 0.495886 0.0032855 -1.90108 0.00370829 0.000736894 0.899992
151 225 0.495424 -0.00367413 -2.10108 0.00236083 -0.00253021 0.899993
178 227 0.499976 0.0112143 -2.29998 0.00167672 0.00157195 0.899997
140 463 0.500861 0.494122 -1.90131 -0.000342455 -0.00326913 0.899994
170 429 0.5011 0.504691 -2.09862 0.00323388 -0.000570486 0.899994
194 400 0.497263 0.497485 -2.30114 0.000179908 -0.00536111 0.899984
578 -71 -0.499303 -0.799867 -1.90024 -0.00239572 0.299591 0.900133
542 -23 -0.511014 -0.785138 -2.10296 -0.000980079 0.302612 0.899124
514 12 -0.501102 -0.816555 -2.29393 -0.000593983 0.297007 0.900992
603 175 -0.48824 -0.301353 -1.90284 0.00230835 0.304391 0.898522
563 183 -0.498511 -0.298796 -2.10053 0.00070176 0.29914 0.900286
535 191 -0.493094 -0.30044 -2.30143 -0.0032713 0.299377 0.900201
628 423 -0.487566 0.197444 -1.9035 -0.00291679 0.301809 0.89939
585 392 -0.500106 0.184148 -2.10142 -0.00589851 0.297069 0.900952
552 369 -0.505519 0.186476 -2.29993 0.002361 0.29746 0.90084
333 -41 -0.00506446 -0.799255 -1.90031 -0.00360644 0.3055 0.898141
334 2 0.0140124 -0.803522 -2.09861 0.000978332 0.299239 0.900253
336 28 -0.00552838 -0.804323 -2.29849 0.00202966 0.297797 0.900729
357 199 -0.00113402 -0.301031 -1.89984 -0.00027954 0.298887 0.90037
355 206 0.00836769 -0.306483 -2.09905 0.00355337 0.297844 0.900709
355 207 -0.00232124 -0.303714 -2.29951 -0.000909771 0.299017 0.900327
382 444 -0.00173534 0.180721 -1.90193 -0.000720301 0.300126 0.899958
374 408 0.0040833 0.199327 -2.10006 0.00587768 0.30149 0.899483
372 384 -0.00393084 0.203388 -2.2997 0.00150778 0.303403 0.898857
93 -15 0.503052 -0.808667 -1.89552 -0.000800226 0.303068 0.898971
131 23 0.506234 -0.78298 -2.10492 -5.61629e-005 0.300123 0.899959
162 50 0.501234 -0.799945 -2.29975 -0.000924086 0.304804 0.898384
119 225 0.500709 -0.303011 -1.89934 -0.000213105 0.300718 0.89976
152 225 0.499028 -0.282014 -2.10272 -0.00339124 0.301595 0.89946
179 224 0.500364 -0.30004 -2.29992 -0.000370129 0.29989 0.900037
142 464 0.498814 0.193844 -1.90095 -0.0030241 0.300299 0.899895
173 429 0.507787 0.202718 -2.09787 0.0036493 0.305546 0.898125
195 401 0.499829 0.187615 -2.30108 -0.000557684 0.304563 0.898466
580 -68 -0.896062 -0.206088 -1.90121 0.399106 -0.300902 0.900096
541 -24 -0.888043 -0.199245 -2.10516 0.400729 -0.299054 0.89999
516 10 -0.907713 -0.202946 -2.29671 0.400051 -0.29998 0.899984
604 173 -0.89464 0.293918 -1.90348 0.402002 -0.296263 0.900346
566 185 -0.90254 0.299538 -2.09898 0.402314 -0.302814 0.898024
535 189 -0.894847 0.279445 -2.3046 0.403251 -0.302858 0.897589
632 423 -0.901468 0.797835 -1.90021 0.406941 -0.29267 0.899301
584 390 -0.899885 0.799983 -2.10006 0.396787 -0.303995 0.900082
551 368 -0.887596 0.816502 -2.29902 0.399246 -0.299761 0.900414
333 -42 -0.399538 -0.195002 -1.90062 0.40065 -0.299292 0.899947
335 -2 -0.390487 -0.196991 -2.10207 0.402008 -0.296022 0.900423
335 29 -0.406791 -0.20697 -2.29819 0.397571 -0.301781 0.900481
357 199 -0.403042 0.301585 -1.89911 0.404235 -0.302467 0.897278
355 206 -0.387897 0.29525 -2.10294 0.397701 -0.299688 0.901122
355 207 -0.400249 0.292678 -2.3009 0.397286 -0.305629 0.899308
382 444 -0.398499 0.797884 -1.9012 0.403942 -0.307874 0.895569
375 412 -0.395064 0.793938 -2.10323 0.397812 -0.308179 0.898204
370 388 -0.389411 0.818582 -2.29527 0.401871 -0.29843 0.899688
94 -13 0.105135 -0.199428 -1.89978 0.397073 -0.300011 0.901291
132 22 0.100671 -0.199752 -2.09999 0.398755 -0.302153 0.899832
159 50 0.084461 -0.1977 -2.30082 0.397457 -0.295443 0.90263
119 225 0.0890656 0.303916 -1.89992 0.397489 -0.302677 0.900216
154 223 0.0972065 0.304832 -2.09944 0.40361 -0.299685 0.898492
175 223 0.112377 0.313242 -2.29766 0.400441 -0.297183 0.900738
140 465 0.0965304 0.796129 -1.9018 0.395786 -0.294552 0.903655
172 431 0.095009 0.791662 -2.10339 0.399247 -0.301232 0.899923
193 403 0.0957316 0.801075 -2.29981 0.399321 -0.298909 0.900664
578 -70 -0.893484 -0.504973 -1.90176 0.401422 0.00703775 0.899339
542 -25 -0.900631 -0.49848 -2.10009 0.396916 -0.00179951 0.901363
514 12 -0.89834 -0.50246 -2.30011 0.395485 0.00478526 0.90198
604 176 -0.905836 0.0122164 -1.89719 0.39932 -0.00166959 0.9003
564 184 -0.893028 0.00305388 -2.10297 0.402047 -0.00126268 0.899086
533 187 -0.897867 -0.00373075 -2.30083 0.400148 -0.000217441 0.899934
630 422 -0.896613 0.504488 -1.90041 0.39926 -0.00223368 0.900326
586 393 -0.898338 0.497128 -2.10139 0.400217 -0.000173021 0.899904
553 368 -0.89814 0.49694 -2.30139 0.396426 0.00116368 0.901579
331 -41 -0.401065 -0.508691 -1.89747 0.406061 0.000599348 0.897281
335 1 -0.401371 -0.499895 -2.09976 0.40207 0.00493248 0.899064
337 29 -0.396368 -0.501328 -2.30034 0.398733 -0.00112148 0.900561
357 198 -0.40609 -0.00195636 -1.89871 0.398691 4.92478e-005 0.900581
357 202 -0.400506 -0.00157553 -2.0999 0.400833 -0.00344169 0.899622
354 209 -0.401902 -0.0010899 -2.29967 0.399901 -0.000344581 0.900044
382 442 -0.400588 0.498285 -1.90033 0.399999 -1.79102e-005 0.900001
376 410 -0.394868 0.491597 -2.10295 0.399383 0.000146696 0.900274
374 384 -0.395104 0.494048 -2.30213 0.399752 -0.000592924 0.90011
93 -14 0.108528 -0.488586 -1.9025 0.401985 0.00900122 0.89907
135 24 0.098568 -0.489636 -2.10251 0.397099 -0.00149952 0.901282
161 51 0.100925 -0.500557 -2.29984 0.400101 -4.02085e-005 0.899955
115 226 0.103858 -0.00204054 -1.89979 0.39257 0.00164492 0.903264
154 224 0.104989 0.00147426 -2.09976 0.403976 -0.00612536 0.898202
175 224 0.0989694 0.0028353 -2.30004 0.400106 -0.00145482 0.899952
142 463 0.107817 0.501964 -1.89905 0.399496 0.00130403 0.900223
173 431 0.0976845 0.489987 -2.10247 0.399813 0.00042265 0.900083
194 403 0.0942227 0.48871 -2.30267 0.400169 0.00154558 0.899924
578 -71 -0.896695 -0.796146 -1.90318 0.400039 0.299451 0.900165
544 -25 -0.894265 -0.800947 -2.10209 0.394041 0.305151 0.900896
517 11 -0.922734 -0.803926 -2.2896 0.406711 0.297701 0.897753
603 174 -0.90035 -0.299478 -1.89992 0.402419 0.294155 0.900851
564 185 -0.891006 -0.289884 -2.10525 0.398653 0.304704 0.899017
536 190 -0.898232 -0.301977 -2.30043 0.400114 0.299777 0.900024
631 425 -0.897954 0.20149 -1.90081 0.402756 0.302129 0.898056
586 390 -0.89836 0.19604 -2.10108 0.403796 0.295939 0.899649
552 370 -0.886349 0.201794 -2.30514 0.397884 0.294101 0.90288
334 -42 -0.398512 -0.798479 -1.90095 0.400694 0.301488 0.899194
333 2 -0.403885 -0.80265 -2.09824 0.40545 0.29552 0.899043
335 30 -0.400094 -0.800946 -2.29965 0.396551 0.306286 0.899409
357 198 -0.418374 -0.298938 -1.89621 0.399966 0.300154 0.899964
354 205 -0.40397 -0.296145 -2.09979 0.397374 0.299182 0.901434
356 207 -0.400829 -0.298734 -2.30002 0.402839 0.303433 0.89758
382 444 -0.404297 0.194274 -1.89968 0.396354 0.293559 0.903729
374 408 -0.39825 0.209894 -2.09937 0.395045 0.307096 0.899795
370 385 -0.399149 0.200942 -2.30007 0.391693 0.303365 0.902522
95 -11 0.0982923 -0.811695 -1.89512 0.398244 0.298935 0.901133
133 20 0.107638 -0.799052 -2.09998 0.404302 0.298889 0.898446
161 49 0.0963847 -0.791807 -2.30299 0.401893 0.299042 0.899475
117 225 0.0982154 -0.300423 -1.90003 0.399981 0.299983 0.900014
150 222 0.102165 -0.299245 -2.1 0.403285 0.299154 0.898815
177 224 0.100808 -0.308963 -2.29878 0.399079 0.301406 0.899939
142 465 0.107689 0.215678 -1.89786 0.399379 0.296815 0.901331
169 430 0.102288 0.209089 -2.099 0.400075 0.297762 0.90071
192 404 0.10481 0.215335 -2.2984 0.401983 0.302789 0.898181
576 -71 -0.108609 -0.209861 -2.19867 -0.398851 -0.303552 1.19949
543 -23 -0.0998116 -0.20536 -2.39956 -0.399689 -0.300867 1.19989
517 9 -0.0999558 -0.19994 -2.60001 -0.397538 -0.307447 1.19893
603 175 -0.106825 0.30398 -2.19913 -0.394547 -0.296115 1.20277
563 183 -0.106156 0.308152 -2.3987 -0.408127 -0.302426 1.19665
532 187 -0.0970366 0.28683 -2.6016 -0.400593 -0.300002 1.1998
631 423 -0.09891 0.784428 -2.20565 -0.399942 -0.299909 1.20004
588 391 -0.097625 0.819817 -2.3934 -0.400168 -0.300506 1.19982
552 369 -0.0986796 0.788837 -2.60346 -0.405949 -0.294842 1.19928
332 -40 0.3863 -0.208604 -2.20165 -0.396453 -0.301359 1.20084
334 2 0.396805 -0.220569 -2.39873 -0.399425 -0.300997 1.19994
336 29 0.400004 -0.199422 -2.60004 -0.401482 -0.298203 1.19995
356 198 0.400309 0.299529 -2.20001 -0.401033 -0.29428 1.20107
355 206 0.401642 0.286832 -2.40134 -0.398988 -0.290906 1.20257
353 207 0.402105 0.302327 -2.59941 -0.397546 -0.299761 1.20088
382 443 0.388372 0.789947 -2.20571 -0.399969 -0.299861 1.20005
378 409 0.406828 0.802383 -2.39806 -0.399754 -0.300272 1.20001
371 385 0.396002 0.803949 -2.59939 -0.398317 -0.30044 1.20045
97 -11 0.901686 -0.200064 -2.1993 -0.399308 -0.299645 1.20032
134 20 0.90986 -0.201752 -2.39613 -0.400261 -0.28985 1.20241
163 49 0.900534 -0.200266 -2.59979 -0.404317 -0.298545 1.19892
116 224 0.900173 0.29571 -2.20051 -0.402784 -0.294223 1.2005
152 223 0.911954 0.298338 -2.39569 -0.40408 -0.298814 1.19893
176 224 0.906231 0.327085 -2.59456 -0.396378 -0.312391 1.19804
141 465 0.900255 0.796601 -2.20113 -0.394518 -0.296017 1.2028
170 427 0.903564 0.815261 -2.39352 -0.399194 -0.30771 1.19832
192 400 0.922627 0.796629 -2.5931 -0.395339 -0.301174 1.20125
578 -70 -0.0810374 -0.49984 -2.20082 -0.401828 0.00835038 1.19936
542 -23 -0.10371 -0.49434 -2.40102 -0.404314 -0.0100447 1.19851
517 10 -0.0957059 -0.510001 -2.59822 -0.399044 -0.00553492 1.20031
604 176 -0.0908102 -0.00364169 -2.2004 -0.397176 0.00566764 1.20092
564 183 -0.0971198 -0.000974481 -2.40012 -0.401768 0.00479721 1.1994
534 190 -0.100131 -0.00037264 -2.59999 -0.399103 0.0104464 1.20025
631 425 -0.101071 0.519396 -2.19545 -0.400622 -0.00149079 1.19979
586 392 -0.10314 0.514178 -2.39687 -0.399452 0.000242234 1.20018
555 369 -0.093705 0.505069 -2.59925 -0.399961 -5.04814e-005 1.20001
335 -41 0.396632 -0.510318 -2.19824 -0.395847 -0.00488132 1.20137
337 1 0.395228 -0.497776 -2.40125 -0.399405 0.00341893 1.20019
337 29 0.385781 -0.505885 -2.60101 -0.393808 -0.00268674 1.20204
357 200 0.400587 0.0015658 -2.19989 -0.41139 0.00150751 1.19614
357 202 0.400761 0.0137721 -2.39983 -0.403056 -0.00551978 1.19896
354 209 0.400208 0.00513917 -2.59996 -0.400357 -0.0118705 1.19982
381 444 0.399455 0.495237 -2.20118 -0.3996 -0.00268347 1.20013
378 410 0.389952 0.505502 -2.4005 -0.405096 -0.00369685 1.19828
371 387 0.400665 0.497336 -2.60041 -0.400047 6.02393e-005 1.19998
95 -15 0.902755 -0.494478 -2.20012 -0.399443 -0.000775736 1.20019
131 21 0.899804 -0.513401 -2.39724 -0.396693 0.00412617 1.20109
159 49 0.899777 -0.499175 -2.60024 -0.399785 -0.00429097 1.20006
117 224 0.898825 0.006643 -2.20047 -0.399659 0.010453 1.20007
152 222 0.900097 -0.00108728 -2.39996 -0.400115 0.00778309 1.19994
177 225 0.899705 0.00241328 -2.6001 -0.401832 0.00157601 1.19939
140 465 0.895525 0.513989 -2.1986 -0.402191 0.00956955 1.19923
173 427 0.907917 0.499043 -2.39722 -0.404204 -0.00287112 1.19859
193 403 0.906339 0.516076 -2.59465 -0.403699 -0.00577198 1.19875
578 -67 -0.103197 -0.79096 -2.20312 -0.40687 0.296484 1.19856
540 -23 -0.0992087 -0.798847 -2.40042 -0.399721 0.293732 1.20164
514 10 -0.0983999 -0.804631 -2.59863 -0.396259 0.304448 1.20012
602 173 -0.105152 -0.300551 -2.19968 -0.399986 0.29445 1.20138
566 185 -0.100606 -0.299571 -2.40003 -0.395777 0.298157 1.20186
534 188 -0.0960843 -0.30938 -2.59905 -0.401168 0.290105 1.20204
631 424 -0.0892611 0.193972 -2.201 -0.400007 0.299897 1.20002
588 394 -0.103652 0.206443 -2.3993 -0.393174 0.301864 1.20179
551 369 -0.101657 0.200885 -2.59987 -0.40002 0.300042 1.19998
333 -41 0.393728 -0.796846 -2.20228 -0.401156 0.304009 1.1986
336 0 0.400095 -0.800046 -2.39997 -0.403606 0.29777 1.19935
338 28 0.403966 -0.809358 -2.59649 -0.392335 0.292425 1.20439
358 201 0.412767 -0.295462 -2.19826 -0.397524 0.307123 1.19902
354 203 0.39703 -0.293995 -2.40124 -0.406469 0.302302 1.19725
355 209 0.379126 -0.29071 -2.60418 -0.399859 0.300271 1.19998
381 446 0.400097 0.199933 -2.19999 -0.400289 0.29939 1.20006
378 408 0.403322 0.199608 -2.39948 -0.401829 0.297165 1.20009
370 385 0.404706 0.191894 -2.59988 -0.401462 0.299293 1.19969
95 -11 0.893481 -0.811192 -2.19856 -0.401981 0.288399 1.20218
131 20 0.901921 -0.801338 -2.39883 -0.396552 0.300702 1.20097
159 50 0.894574 -0.794219 -2.60364 -0.399765 0.300213 1.20003
116 223 0.899922 -0.30078 -2.19993 -0.40001 0.30069 1.19982
153 224 0.899129 -0.300896 -2.40021 -0.404338 0.295898 1.19956
175 225 0.910304 -0.300545 -2.59635 -0.401574 0.302016 1.19897
140 467 0.889448 0.207827 -2.20356 -0.397697 0.300716 1.20059
171 427 0.907353 0.196527 -2.39752 -0.398084 0.29504 1.20187
194 404 0.897505 0.187602 -2.60179 -0.403296 0.303419 1.19804
580 -67 -0.499552 -0.201479 -2.19997 0.0066333 -0.30631 1.19839
542 -24 -0.500537 -0.179694 -2.40149 0.000144241 -0.304172 1.19895
515 11 -0.49883 -0.190288 -2.60095 0.00817264 -0.294534 1.20133
606 173 -0.501781 0.302601 -2.19924 0.000794834 -0.302079 1.19948
562 184 -0.499937 0.300245 -2.39998 -0.00271769 -0.298291 1.20042
533 190 -0.499272 0.291372 -2.60112 -0.00501184 -0.30257 1.19934
630 424 -0.493577 0.792442 -2.20418 -0.00520217 -0.302172 1.19944
584 391 -0.514974 0.78783 -2.40086 0.00183001 -0.297799 1.20055
555 369 -0.497615 0.799212 -2.6007 0.00226915 -0.299312 1.20017
332 -39 0.00126932 -0.200738 -2.19993 0.00132685 -0.296119 1.20096
336 0 0.000283914 -0.218315 -2.3984 0.00241669 -0.302473 1.19938
338 29 0.0152957 -0.21091 -2.59909 0.000255765 -0.311477 1.19707
356 198 -0.0115045 0.308772 -2.19876 -0.00375929 -0.301863 1.19953
355 203 0.00197549 0.305975 -2.39924 -4.027e-005 -0.299158 1.20021
356 206 0.00607325 0.299635 -2.60003 -0.00423583 -0.301716 1.19956
382 446 0.001459 0.79553 -2.20162 0.0014574 -0.30076 1.19981
376 412 -0.00298864 0.804903 -2.39836 -0.0020684 -0.304528 1.19886
373 385 0.00613255 0.798601 -2.60042 -0.000490383 -0.300404 1.1999
94 -13 0.496689 -0.201624 -2.2006 0.000962535 -0.29514 1.2012
135 23 0.499736 -0.199264 -2.40012 0.00110856 -0.302864 1.19928
159 51 0.503077 -0.195535 -2.59975 -0.00142737 -0.300012 1.2
117 222 0.494554 0.30531 -2.2005 0.00167972 -0.300342 1.19991
151 226 0.499985 0.300924 -2.39989 -0.000509463 -0.299956 1.20001
179 225 0.501682 0.300031 -2.59967 -0.0054099 -0.296823 1.20078
140 466 0.495868 0.799659 -2.20106 0.000169041 -0.304624 1.19883
173 430 0.510043 0.802203 -2.39715 -0.000810161 -0.299939 1.20001
195 404 0.493889 0.80571 -2.5994 0.00114616 -0.302788 1.1993
579 -70 -0.491201 -0.502379 -2.20144 -0.00667705 0.00505687 1.19997
542 -23 -0.499924 -0.500171 -2.39998 -0.000373449 -0.0024172 1.2
515 9 -0.494994 -0.505405 -2.59991 0.000230716 0.00051594 1.2
603 173 -0.502408 0.00248983 -2.19945 -0.00076309 0.0010474 1.2
564 182 -0.502376 -0.0119444 -2.39947 0.00375513 0.00210062 1.19999
532 189 -0.513469 0.00681093 -2.59736 0.00477334 0.00194914 1.19999
631 423 -0.497808 0.506365 -2.19904 -0.00615635 0.0076779 1.19996
588 394 -0.49707 0.513678 -2.39772 -0.00161505 -0.00862121 1.19997
553 367 -0.512311 0.49881 -2.59783 -0.00122741 0.00139364 1.2
332 -43 0.0109692 -0.484685 -2.2034 -0.00773468 -0.0056455 1.19996
337 -1 0.00984226 -0.484419 -2.40317 -0.00221188 -0.0006629 1.2
338 28 0.00736848 -0.488745 -2.60213 -0.00179716 -0.00387849 1.19999
357 202 0.000608767 -0.00111266 -2.2 0.00164533 -0.00306525 1.2
353 205 0.0209111 -0.00475783 -2.3999 0.000870268 -0.00181003 1.2
352 209 0.0145813 0.0035079 -2.59996 -0.000297883 -0.00380302 1.19999
382 444 -0.00254951 0.502837 -2.19935 0.00760818 -0.0042441 1.19997
374 408 0.00878921 0.497006 -2.40061 0.00647843 0.00620965 1.19997
370 386 -0.00336749 0.498033 -2.60038 0.00201931 0.00292062 1.19999
95 -15 0.515493 -0.507944 -2.1946 -0.00166828 -0.00217332 1.2
135 22 0.492522 -0.49348 -2.40289 -0.00161416 0.00655541 1.19998
159 49 0.512107 -0.518529 -2.59401 0.00404436 -0.00120215 1.19999
118 224 0.485621 -0.00735756 -2.20321 0.000410767 0.00138341 1.2
152 225 0.501444 -0.00357434 -2.3997 -0.000258455 0.000851703 1.2
175 226 0.500158 -0.0130805 -2.59994 0.000224391 0.00729598 1.19998
140 467 0.511146 0.502752 -2.19681 0.00256082 0.00137053 1.2
171 429 0.508913 0.483526 -2.4015 0.00857715 -0.00170778 1.19997
195 401 0.491381 0.491562 -2.60325 -0.00256944 -0.000206259 1.2
578 -69 -0.497295 -0.808044 -2.19767 -0.00444939 0.302135 1.19946
542 -23 -0.507138 -0.789693 -2.40192 1.52933e-005 0.29992 1.20002
516 11 -0.499681 -0.803378 -2.59902 -0.00116287 0.29823 1.20044
602 176 -0.512322 -0.288239 -2.19874 0.00193989 0.309926 1.19747
563 184 -0.501476 -0.301416 -2.39951 0.0036105 0.293623 1.20157
534 188 -0.497016 -0.302072 -2.60033 9.38817e-005 0.299453 1.20014
632 421 -0.500138 0.209607 -2.19907 -0.000165476 0.294216 1.20143
585 393 -0.496245 0.198808 -2.40088 -0.00435728 0.303211 1.19918
551 371 -0.50036 0.199352 -2.59998 -0.00203161 0.304641 1.19883
335 -42 0.00356582 -0.79136 -2.20312 0.000974633 0.300987 1.19975
335 0 0.020282 -0.805032 -2.39823 -0.000672422 0.299174 1.20021
336 29 0.0124113 -0.799418 -2.60015 0.00411794 0.303041 1.19923
358 200 -0.00026048 -0.297698 -2.20031 0.0001142 0.30324 1.19919
355 204 0.00623373 -0.311793 -2.39849 0.00381663 0.293072 1.2017
354 206 0.0151081 -0.297808 -2.60021 -0.00269373 0.299873 1.20003
383 443 -0.00935015 0.215263 -2.19854 0.0022027 0.298442 1.20039
374 411 -0.00128055 0.19977 -2.40002 -0.0031582 0.30811 1.19794
372 385 0.00306706 0.199592 -2.60003 -0.000431963 0.299428 1.20014
95 -13 0.496491 -0.807134 -2.19819 0.000224829 0.30022 1.19994
133 22 0.512124 -0.789732 -2.40084 -0.000742484 0.302349 1.19941
163 48 0.491322 -0.805372 -2.6 0.00257525 0.299435 1.20014
118 225 0.505951 -0.305276 -2.19791 0.000134651 0.295114 1.20121
151 224 0.506618 -0.287991 -2.40008 -0.00682782 0.302829 1.19927
177 225 0.496407 -0.30139 -2.60053 -0.00123827 0.300138 1.19996
142 467 0.499295 0.195845 -2.20053 0.00106672 0.299321 1.20017
171 430 0.499519 0.198426 -2.40023 0.000853546 0.307169 1.19818
194 404 0.482762 0.198401 -2.60338 -4.02396e-005 0.30005 1.19999
577 -67 -0.897787 -0.203543 -2.20058 0.403606 -0.295326 1.19995
544 -21 -0.906884 -0.18827 -2.39836 0.402897 -0.300451 1.19892
516 8 -0.884559 -0.207685 -2.60469 0.398826 -0.302833 1.19968
606 175 -0.906392 0.305709 -2.19659 0.398269 -0.296431 1.20146
564 181 -0.906731 0.310562 -2.39612 0.400636 -0.298186 1.20024
536 187 -0.88871 0.293983 -2.60457 0.397805 -0.299558 1.20084
630 423 -0.912648 0.789388 -2.19862 0.39994 -0.299933 1.20004
587 392 -0.905506 0.794944 -2.39961 0.400347 -0.293817 1.20141
553 370 -0.900299 0.79837 -2.6004 0.396165 -0.300084 1.20125
335 -41 -0.397451 -0.217816 -2.19877 0.394705 -0.303845 1.20079
333 0 -0.398882 -0.202215 -2.4 0.39507 -0.298376 1.20204
336 27 -0.407696 -0.205437 -2.59838 0.402983 -0.302525 1.19837
355 199 -0.399955 0.288894 -2.20149 0.39869 -0.309348 1.19806
355 203 -0.403315 0.297178 -2.3998 0.397721 -0.299313 1.20093
355 206 -0.398784 0.306909 -2.59938 0.403755 -0.305968 1.19723
384 444 -0.40083 0.800837 -2.19954 0.400555 -0.300712 1.19964
376 408 -0.40443 0.783419 -2.40472 0.401642 -0.300322 1.19937
374 385 -0.394868 0.795448 -2.60218 0.398215 -0.309507 1.19818
94 -13 0.106196 -0.204486 -2.1993 0.4 -0.300015 1.2
131 21 0.0898244 -0.194924 -2.40082 0.393191 -0.304814 1.20104
162 48 0.101531 -0.200233 -2.59992 0.403438 -0.297211 1.19954
119 226 0.0980651 0.300916 -2.19996 0.399629 -0.298259 1.20056
152 222 0.101535 0.300004 -2.39994 0.40447 -0.294615 1.19984
177 225 0.0941037 0.291718 -2.60116 0.39719 -0.298522 1.2013
138 467 0.102344 0.799957 -2.19991 0.393396 -0.304555 1.20104
170 427 0.0982975 0.784161 -2.40529 0.407103 -0.305472 1.19622
194 403 0.107332 0.815964 -2.59474 0.402534 -0.30369 1.19822
577 -68 -0.911138 -0.498864 -2.19567 0.40337 -0.00395245 1.19886
541 -25 -0.900712 -0.4941 -2.40095 0.394803 0.00729799 1.2017
517 9 -0.899484 -0.498374 -2.60049 0.400973 -0.00200617 1.19967
603 176 -0.899104 0.000275284 -2.20037 0.395465 0.000874284 1.2015
566 183 -0.90271 0.00862974 -2.39897 0.400533 -0.00121895 1.19982
533 188 -0.898202 -0.0011838 -2.60062 0.403223 -0.00344871 1.19892
631 422 -0.90214 0.503632 -2.19829 0.400513 -0.0105353 1.19978
586 393 -0.903925 0.497836 -2.39897 0.405323 -0.00458186 1.1982
551 369 -0.890248 0.485661 -2.60607 0.399251 0.00254154 1.20025
331 -41 -0.395332 -0.491488 -2.20276 0.397781 0.000552976 1.20074
335 1 -0.40209 -0.50215 -2.3992 0.404032 0.00379102 1.19864
336 27 -0.41583 -0.496871 -2.59812 0.401084 0.00330221 1.19963
359 201 -0.383607 -0.000328855 -2.20292 0.399993 0.000180139 1.2
354 206 -0.405647 -0.00841031 -2.39904 0.398337 -0.000413033 1.20055
352 207 -0.396753 0.00053449 -2.6005 0.401989 0.0100194 1.19929
383 444 -0.398418 0.504246 -2.19932 0.403683 -0.00775407 1.19874
378 408 -0.398867 0.498388 -2.40052 0.399635 -0.00169633 1.20012
373 384 -0.385315 0.487555 -2.60458 0.397505 -0.00765163 1.2008
94 -13 0.107599 -0.510623 -2.1972 0.399814 -0.00782131 1.20004
132 20 0.0994443 -0.502522 -2.3995 0.404099 -0.0124778 1.19856
162 47 0.121316 -0.500463 -2.599 0.399907 0.00080197 1.20003
117 224 0.0945268 0.00822161 -2.20023 0.400424 0.00109373 1.19986
153 224 0.0983165 -0.0077907 -2.40006 0.40001 -0.000623931 1.2
177 223 0.0894059 -0.00679156 -2.60038 0.406146 0.00066914 1.19793
139 464 0.0979863 0.4905 -2.20223 0.399533 -0.00187575 1.20015
169 430 0.100095 0.500498 -2.39989 0.401839 0.00255907 1.19938
194 401 0.0994685 0.507343 -2.5986 0.397978 -0.00175835 1.20067
576 -69 -0.903973 -0.804243 -2.19682 0.396845 0.301066 1.20078
541 -25 -0.900127 -0.800086 -2.39992 0.399331 0.303125 1.19944
515 8 -0.893697 -0.806894 -2.60004 0.40288 0.310783 1.19629
604 176 -0.907505 -0.297448 -2.19726 0.400577 0.296092 1.20078
562 184 -0.899381 -0.28719 -2.4018 0.39961 0.299988 1.20013
536 189 -0.896935 -0.299059 -2.60117 0.400373 0.308392 1.19775
630 423 -0.909384 0.203647 -2.1958 0.400364 0.299628 1.19997
588 393 -0.890622 0.212068 -2.40246 0.400083 0.293821 1.2015
555 370 -0.898689 0.204151 -2.60013 0.400288 0.30061 1.19975
333 -42 -0.398337 -0.798574 -2.20082 0.398966 0.291043 1.20255
335 0 -0.406252 -0.808434 -2.39612 0.399272 0.298555 1.2006
338 29 -0.401139 -0.795978 -2.60106 0.399129 0.300768 1.2001
356 200 -0.407743 -0.308131 -2.19745 0.399122 0.298691 1.20062
355 206 -0.407813 -0.283758 -2.40066 0.403048 0.300911 1.19875
354 207 -0.391698 -0.308558 -2.60026 0.392432 0.308042 1.20046
382 446 -0.401587 0.19642 -2.20003 0.396605 0.294764 1.20242
374 412 -0.400014 0.20151 -2.39987 0.399647 0.294919 1.20138
371 384 -0.406978 0.18893 -2.59975 0.400187 0.298708 1.20026
95 -13 0.115641 -0.802517 -2.19832 0.401463 0.294514 1.20087
134 24 0.111786 -0.798161 -2.40009 0.398549 0.298378 1.20089
161 49 0.0987527 -0.7859 -2.60434 0.400011 0.299226 1.20019
119 226 0.100953 -0.282079 -2.20233 0.403206 0.298596 1.19928
153 222 0.0854649 -0.306032 -2.3998 0.40266 0.296541 1.19997
178 225 0.101162 -0.317043 -2.59793 0.403286 0.305202 1.19759
140 465 0.109718 0.197423 -2.19977 0.402199 0.298355 1.19968
169 431 0.109364 0.211365 -2.39862 0.404643 0.300559 1.1983
193 404 0.10401 0.196152 -2.60014 0.400011 0.299997 1.2
0 0 0 1 0 0 0 
calibration result:
fitted value:0.0332144 0.0431394 0.105211 0.998661 0.00258303 0.0145469 0.0494529 
k:10250
judgement1 and judgement2:1.59944e-010 1.87907e-015
calibration time:16264.6ms
