729
536.703 536.819 328.442 221.513

578 -67 -0.1059 -0.200641 -1.59954 -0.39912 -0.301601 0.599784
541 -25 -0.0961085 -0.197219 -1.80052 -0.398919 -0.302309 0.599561
513 8 -0.106387 -0.19738 -1.99993 -0.400173 -0.297652 0.601053
602 175 -0.0979969 0.302501 -1.59965 -0.399692 -0.300376 0.600017
564 182 -0.100716 0.300297 -1.79991 -0.399441 -0.300679 0.600033
534 188 -0.106829 0.303417 -1.99913 -0.400971 -0.301453 0.598622
630 423 -0.104804 0.796213 -1.60158 -0.399751 -0.302148 0.599087
587 390 -0.0959485 0.801946 -1.79935 -0.398477 -0.299626 0.6012
555 370 -0.100522 0.791633 -2.0033 -0.401184 -0.298883 0.599767
334 -43 0.400077 -0.199896 -1.59999 -0.400221 -0.299959 0.599873
333 -1 0.399325 -0.200072 -1.80014 -0.399862 -0.300533 0.599825
335 29 0.399918 -0.201198 -1.9999 -0.399549 -0.303231 0.598675
355 202 0.400038 0.300103 -1.59997 -0.399976 -0.299985 0.600023
353 206 0.399941 0.299303 -1.80013 -0.400804 -0.296878 0.601015
352 207 0.403312 0.302154 -1.99901 -0.4007 -0.297674 0.600691
383 444 0.39997 0.800122 -1.59995 -0.399622 -0.300387 0.600058
376 408 0.406845 0.800736 -1.79814 -0.402325 -0.298057 0.599414
374 385 0.397472 0.808924 -1.99691 -0.400226 -0.299431 0.600134
94 -12 0.900611 -0.19976 -1.59969 -0.400701 -0.298655 0.600203
133 20 0.900681 -0.198178 -1.79986 -0.399148 -0.29776 0.601681
163 47 0.899682 -0.200231 -2.00012 -0.400155 -0.300652 0.59957
115 225 0.898859 0.293844 -1.60178 -0.399636 -0.300391 0.600047
150 222 0.897907 0.305427 -1.80013 -0.400485 -0.299865 0.599744
175 225 0.902068 0.306187 -1.99813 -0.397949 -0.299365 0.601679
141 464 0.897703 0.803765 -1.5994 -0.39948 -0.298919 0.600885
171 431 0.900599 0.80014 -1.79964 -0.400062 -0.300149 0.599884
194 404 0.90066 0.804242 -1.998 -0.400835 -0.300589 0.599147
580 -70 -0.106486 -0.50144 -1.59913 -0.399821 0.000394125 0.600119
542 -23 -0.10196 -0.502525 -1.79919 -0.400374 0.0016594 0.599748
515 10 -0.101052 -0.499518 -2.00007 -0.399114 -0.00170975 0.600587
604 176 -0.0994906 -0.00222735 -1.60003 -0.401356 0.000166623 0.599094
564 184 -0.0999829 -0.000558512 -1.8 -0.400512 0.00276976 0.599652
535 187 -0.100685 -0.0046982 -1.99996 -0.399696 -0.00275146 0.600196
628 425 -0.0999329 0.502627 -1.59918 -0.400261 -3.36948e-005 0.599826
586 393 -0.0971799 0.503003 -1.79932 -0.399502 -0.000706506 0.600331
551 368 -0.10006 0.499856 -2.00003 -0.400002 0.000753476 0.599998
332 -39 0.398459 -0.500785 -1.60014 -0.399132 -0.00329371 0.600569
333 2 0.401194 -0.494535 -1.80124 -0.399863 -7.49391e-005 0.600092
338 29 0.40284 -0.500775 -1.99924 -0.400011 1.22507e-006 0.599993
357 200 0.400027 -0.00166746 -1.59999 -0.400445 0.000405171 0.599703
353 204 0.399247 0.000995132 -1.80017 -0.400042 -0.000589421 0.599972
354 207 0.396237 0.00118565 -2.00075 -0.400011 5.70142e-006 0.599993
384 444 0.403 0.503405 -1.59818 -0.40026 -0.000270638 0.599827
378 410 0.393639 0.502181 -1.8008 -0.39959 0.000360624 0.600273
371 384 0.402982 0.503441 -1.99854 -0.400496 0.00235847 0.599665
96 -12 0.896694 -0.504235 -1.60053 -0.400352 0.000390191 0.599765
133 21 0.899818 -0.499694 -1.80018 -0.39954 0.000648481 0.600306
161 48 0.894683 -0.5066 -2.00072 -0.399823 0.000341083 0.600118
119 225 0.901221 0.00158094 -1.59931 -0.401191 0.000140028 0.599204
151 223 0.901237 0.00320592 -1.79938 -0.398632 0.000357823 0.60091
175 224 0.900194 0.000904386 -1.99991 -0.399612 0.00186016 0.600256
138 463 0.902692 0.498705 -1.59889 -0.399 0.00246302 0.60066
171 431 0.900117 0.4966 -1.80088 -0.400128 0.000470524 0.599914
194 401 0.90104 0.500736 -1.99935 -0.402822 0.00102326 0.598108
576 -67 -0.0998786 -0.800774 -1.59962 -0.3987 0.299207 0.60126
540 -23 -0.0995521 -0.798991 -1.80047 -0.398655 0.29996 0.600914
516 11 -0.0964545 -0.80251 -1.99917 -0.399675 0.303047 0.598684
602 177 -0.0996039 -0.299833 -1.60006 -0.399851 0.29887 0.600663
563 181 -0.0977138 -0.298952 -1.8003 -0.400162 0.299662 0.600061
533 187 -0.0946004 -0.298013 -2.00056 -0.400181 0.299132 0.600313
628 424 -0.0961853 0.199972 -1.60024 -0.399098 0.302958 0.599114
584 393 -0.098743 0.194223 -1.8007 -0.401109 0.300084 0.599217
552 368 -0.102258 0.201911 -1.99969 -0.401109 0.30216 0.598173
333 -41 0.402541 -0.802295 -1.59821 -0.399684 0.30047 0.599976
335 0 0.395368 -0.799773 -1.80112 -0.400154 0.300247 0.599774
336 27 0.402193 -0.797417 -2.00059 -0.400139 0.299982 0.599917
356 198 0.403753 -0.302495 -1.59859 -0.399238 0.30036 0.600327
355 206 0.399876 -0.29966 -1.80008 -0.400117 0.299383 0.60023
353 209 0.398715 -0.301025 -2.0001 -0.398008 0.30017 0.601238
381 444 0.399535 0.200155 -1.6001 -0.400501 0.300836 0.599247
378 409 0.396237 0.20446 -1.80033 -0.401685 0.29894 0.599403
373 384 0.399542 0.199226 -2.00017 -0.399957 0.298528 0.600762
93 -11 0.899528 -0.800061 -1.60023 -0.401154 0.299021 0.599718
131 20 0.899364 -0.802858 -1.79905 -0.399604 0.300282 0.600123
159 50 0.892857 -0.801045 -2.00278 -0.400606 0.30032 0.599436
115 224 0.899354 -0.300712 -1.60023 -0.400283 0.299316 0.600153
153 225 0.899357 -0.309382 -1.79873 -0.401141 0.296904 0.600777
176 226 0.89748 -0.299914 -2.00115 -0.40163 0.300818 0.5985
140 466 0.900423 0.199185 -1.59986 -0.398514 0.301665 0.600154
169 429 0.901362 0.199912 -1.79933 -0.397459 0.299127 0.602121
194 400 0.902183 0.201356 -1.99888 -0.399886 0.299 0.600575
578 -68 -0.495076 -0.197605 -1.60183 0.0024192 -0.299457 0.600266
542 -23 -0.500563 -0.200735 -1.79976 -0.000902913 -0.298447 0.600773
515 9 -0.500283 -0.199348 -1.99999 4.33696e-006 -0.300962 0.599518
606 174 -0.503795 0.29791 -1.5992 -0.00158932 -0.298911 0.600541
565 185 -0.500278 0.300447 -1.79985 0.00255943 -0.298228 0.600878
533 190 -0.501841 0.304593 -1.99884 5.59566e-005 -0.299538 0.600231
632 421 -0.503191 0.795795 -1.6011 -6.60651e-005 -0.3001 0.59995
588 390 -0.498601 0.800462 -1.80018 0.00116631 -0.298984 0.600506
555 369 -0.499006 0.800644 -1.99999 -0.00197172 -0.301205 0.599393
335 -42 -0.00114602 -0.201205 -1.59985 -0.000137569 -0.299534 0.600233
335 0 -0.00588489 -0.20483 -1.79945 -9.5974e-005 -0.302789 0.598597
336 31 -0.00154493 -0.199701 -2.00003 3.87833e-005 -0.300113 0.599944
359 200 0.000474651 0.300083 -1.59998 -6.56937e-005 -0.300103 0.599948
354 206 0.00439068 0.298969 -1.80017 0.00126748 -0.301272 0.599361
356 207 -0.00203239 0.301496 -1.99977 0.0012323 -0.301239 0.599378
380 444 0.000115841 0.800786 -1.59961 -0.000572284 -0.299707 0.600146
374 408 0.00142829 0.795502 -1.80199 -0.000673939 -0.299736 0.600132
374 386 -0.00768404 0.802912 -1.99882 -0.0019136 -0.300889 0.599552
93 -12 0.499796 -0.198992 -1.60019 -0.000630504 -0.299791 0.600104
132 23 0.499929 -0.203642 -1.79961 -0.000484347 -0.299779 0.60011
159 49 0.500389 -0.200676 -1.99983 -0.000581415 -0.297579 0.601204
118 223 0.49982 0.3036 -1.59938 0.000964711 -0.300215 0.599892
152 226 0.499699 0.299787 -1.80012 0.000678738 -0.299323 0.600338
179 224 0.498817 0.302614 -1.9999 -0.000253146 -0.299796 0.600102
140 467 0.499162 0.802158 -1.59918 0.00125747 -0.300026 0.599986
171 427 0.500714 0.796285 -1.80145 -0.00184974 -0.299139 0.600427
196 400 0.49945 0.797513 -2.00113 -0.000176909 -0.29997 0.600015
578 -69 -0.499342 -0.501694 -1.59968 -0.000349178 0.000336932 0.6
543 -23 -0.499889 -0.498945 -1.80032 -3.19788e-005 -1.02996e-005 0.6
517 10 -0.504804 -0.49428 -2.00022 -0.000820665 0.00152788 0.599998
604 173 -0.501179 -0.00062397 -1.59963 -4.05908e-005 -0.00136135 0.599998
562 183 -0.499477 0.00328179 -1.80014 -0.000863464 0.0018166 0.599997
532 189 -0.496917 -0.00874158 -2.00075 -0.000213605 -0.00138894 0.599998
631 423 -0.500918 0.500166 -1.59966 -0.000987735 -0.0008877 0.599999
586 391 -0.497121 0.503352 -1.79986 0.001285 -0.000464048 0.599998
551 370 -0.500033 0.492194 -2.00193 0.000483872 -0.000933719 0.599999
333 -41 0.00289537 -0.496668 -1.60103 -0.000192496 -4.74885e-005 0.6
337 -2 0.000631565 -0.502456 -1.79932 -0.0010788 0.00215919 0.599995
337 28 5.10406e-005 -0.50005 -1.99999 0.00114954 0.000786242 0.599998
358 200 -1.71885e-005 -0.000793952 -1.6 -0.00158401 -0.000745038 0.599997
353 204 -0.00306595 0.00585661 -1.79999 4.30546e-005 -0.000256815 0.6
355 205 0.00450458 -0.0056203 -1.99999 0.00112601 -0.00121582 0.599998
381 444 0.0020077 0.498977 -1.60032 -2.90638e-005 0.000385674 0.6
375 410 0.0024083 0.494065 -1.80164 -0.00131245 -0.00159871 0.599996
371 385 -0.00227669 0.49404 -2.00148 0.000482535 0.00129886 0.599998
93 -14 0.501771 -0.503813 -1.59825 0.000387665 -0.00167798 0.599998
133 24 0.497845 -0.499856 -1.80064 -0.000297495 0.00156046 0.599998
159 49 0.499587 -0.499776 -2.00016 0.00136261 -0.0021638 0.599995
117 225 0.502576 0.00210321 -1.59919 -0.00128372 -0.000658204 0.599998
154 226 0.502571 0.00345791 -1.79928 0.000398381 0.000343861 0.6
175 227 0.499146 -0.00739333 -2.0002 0.000419967 -0.00167934 0.599998
141 464 0.499981 0.499992 -1.60001 -0.00195848 0.00146159 0.599995
173 429 0.499241 0.500819 -1.79998 -0.00103687 8.2456e-005 0.599999
194 400 0.499922 0.49536 -2.00117 -3.784e-005 -0.000777446 0.6
580 -69 -0.501764 -0.801895 -1.5985 0.000619923 0.302072 0.598959
544 -25 -0.501619 -0.800018 -1.79954 -0.000842286 0.300119 0.59994
516 10 -0.500038 -0.796942 -2.00121 -4.19598e-005 0.299646 0.600177
605 175 -0.49599 -0.298444 -1.60154 -3.11023e-005 0.3001 0.59995
565 185 -0.502978 -0.302349 -1.79878 0.0030105 0.300737 0.599623
533 191 -0.499995 -0.299998 -2 -0.000571887 0.299405 0.600297
630 423 -0.500103 0.199841 -1.59999 0.000702519 0.299855 0.600072
586 392 -0.497545 0.205952 -1.80001 0.00145726 0.300328 0.599834
553 369 -0.497408 0.190824 -2.00154 0.000290268 0.300157 0.599922
335 -41 0.000281629 -0.80092 -1.59954 -0.000300865 0.301466 0.599265
337 -1 0.000523627 -0.801339 -1.7994 0.00135869 0.299996 0.600001
338 28 0.000635651 -0.794896 -2.00203 0.00059838 0.299212 0.600393
359 200 0.00179333 -0.301512 -1.59971 0.000799802 0.298954 0.600521
353 203 -0.0011782 -0.308788 -1.79851 -0.000677474 0.300363 0.599818
354 207 -4.07534e-005 -0.300099 -1.99999 0.00221946 0.299138 0.600426
384 444 0.000251357 0.198752 -1.60016 0.000895518 0.299936 0.600031
378 409 -0.00353211 0.20371 -1.79958 -0.00032513 0.299568 0.600216
370 384 0.00565104 0.204067 -1.99958 -0.00177346 0.300092 0.599952
96 -12 0.499441 -0.800661 -1.59984 -0.000631881 0.298248 0.600872
133 20 0.499466 -0.800575 -1.79989 -0.00181929 0.298185 0.600901
160 48 0.497944 -0.792394 -2.00354 -0.00136145 0.300243 0.599877
115 226 0.50272 -0.302583 -1.59866 3.3699e-005 0.300045 0.599977
152 224 0.498213 -0.293966 -1.80149 -0.00061253 0.301001 0.599498
177 226 0.49817 -0.29715 -2.00088 -0.00180903 0.302204 0.59889
141 465 0.497161 0.195054 -1.60149 -0.000790248 0.300451 0.599774
169 428 0.501793 0.196165 -1.79992 -0.00126577 0.299727 0.600135
196 403 0.500407 0.20045 -1.99985 0.000132416 0.299927 0.600037
577 -69 -0.89931 -0.208107 -1.59935 0.39953 -0.299347 0.600639
544 -22 -0.899484 -0.201036 -1.80014 0.400275 -0.301911 0.598857
516 12 -0.901718 -0.200628 -1.99916 0.400764 -0.29963 0.599675
604 175 -0.899829 0.303032 -1.59953 0.398398 -0.299395 0.601366
562 183 -0.900474 0.300201 -1.79973 0.401133 -0.300165 0.59916
532 188 -0.900042 0.293484 -2.00095 0.400047 -0.301664 0.599134
632 423 -0.90578 0.795673 -1.5989 0.397094 -0.301426 0.601214
585 391 -0.903094 0.803017 -1.7971 0.39857 -0.297181 0.60235
553 368 -0.896497 0.800372 -2.00142 0.400154 -0.301645 0.599072
332 -40 -0.399702 -0.202082 -1.59981 0.398998 -0.298984 0.601173
335 0 -0.404609 -0.200103 -1.79896 0.397835 -0.298498 0.602185
335 28 -0.398654 -0.199938 -2.00027 0.398182 -0.297703 0.602349
356 198 -0.400363 0.29936 -1.60003 0.402191 -0.297943 0.59956
357 204 -0.399778 0.299023 -1.80021 0.399956 -0.300825 0.599616
353 206 -0.395735 0.301705 -2.00059 0.399262 -0.301265 0.599858
380 444 -0.396381 0.806206 -1.59778 0.402073 -0.299698 0.598764
378 411 -0.399986 0.80152 -1.79933 0.400624 -0.300072 0.599548
372 388 -0.401831 0.798798 -2.00011 0.398157 -0.301161 0.600644
94 -14 0.0935308 -0.198951 -1.60052 0.399703 -0.298917 0.600738
131 22 0.10552 -0.196266 -1.8001 0.399946 -0.300106 0.599983
161 50 0.0933707 -0.198267 -2.00049 0.39982 -0.30048 0.59988
117 226 0.106569 0.296807 -1.60017 0.400249 -0.299142 0.600263
150 222 0.100012 0.298914 -1.80018 0.399019 -0.300262 0.600522
176 225 0.0995517 0.300895 -1.99989 0.400125 -0.30055 0.599642
140 467 0.100026 0.799482 -1.60026 0.399791 -0.300663 0.599808
172 427 0.103274 0.80058 -1.79956 0.40004 -0.299954 0.599997
193 400 0.0964528 0.804099 -1.99853 0.39915 -0.300802 0.600165
577 -71 -0.899034 -0.502048 -1.5999 0.402 0.000450736 0.598662
544 -23 -0.899674 -0.500195 -1.80011 0.399684 -9.28559e-005 0.600211
515 11 -0.893549 -0.502785 -2.00219 0.400468 -0.000817904 0.599687
602 176 -0.899183 -0.00437166 -1.60045 0.398984 -0.000184797 0.600676
563 183 -0.898233 -0.00121059 -1.80088 0.400016 -0.000187622 0.59999
533 188 -0.897226 -0.00770997 -2.00123 0.401305 -0.00174934 0.599125
630 425 -0.903694 0.503249 -1.5969 0.400003 -8.68803e-006 0.599998
585 391 -0.898657 0.503231 -1.79977 0.400943 0.000980254 0.599369
552 371 -0.902603 0.502054 -1.99831 0.39985 0.00200966 0.600097
331 -40 -0.400784 -0.50116 -1.59944 0.400015 0.000738758 0.59999
333 2 -0.403599 -0.494973 -1.80059 0.399876 0.000566562 0.600082
334 29 -0.399115 -0.49104 -2.0024 0.400298 3.48251e-005 0.599801
359 198 -0.401928 -0.000404298 -1.59952 0.399995 0.00222307 0.6
354 203 -0.395057 -0.000939083 -1.80109 0.401322 -0.00277375 0.59911
356 209 -0.404484 0.000127321 -1.9991 0.39931 -0.000193646 0.600459
384 444 -0.396978 0.496446 -1.60186 0.401142 0.00145 0.599235
376 411 -0.399359 0.496214 -1.80119 0.399825 -0.00042436 0.600117
372 387 -0.398511 0.501139 -2.00001 0.400756 -0.000224402 0.599496
95 -14 0.100535 -0.500384 -1.59985 0.399164 0.00140155 0.600555
131 24 0.0947994 -0.498211 -1.80078 0.399597 0.00255888 0.600263
161 50 0.1015 -0.498642 -2.00026 0.400034 -1.19767e-005 0.599977
115 225 0.104722 0.00181056 -1.5997 0.400759 0.0012757 0.599492
151 222 0.0950816 0.00627826 -1.80026 0.400022 0.00017233 0.599986
177 224 0.0996452 0.00346429 -2.00001 0.398716 -0.0021629 0.60085
139 465 0.102487 0.506988 -1.59764 0.400071 -0.000259986 0.599952
169 429 0.0998845 0.500315 -1.79992 0.399778 0.000434172 0.600148
194 404 0.098338 0.504585 -1.99893 0.399984 0.000145398 0.600011
579 -69 -0.899147 -0.803004 -1.59897 0.40088 0.297475 0.600669
542 -23 -0.896966 -0.799632 -1.80168 0.40028 0.299323 0.600151
513 9 -0.900455 -0.800443 -1.99962 0.400423 0.297902 0.600763
606 176 -0.899013 -0.29721 -1.60108 0.4001 0.299574 0.600146
566 183 -0.901489 -0.30319 -1.79872 0.402362 0.300183 0.598327
532 189 -0.900342 -0.29749 -2.00022 0.397488 0.300689 0.601323
630 423 -0.897028 0.199019 -1.60179 0.400238 0.300467 0.599608
588 392 -0.898954 0.202475 -1.80025 0.400611 0.298397 0.600391
551 369 -0.899931 0.200256 -2.00001 0.400295 0.300273 0.599667
333 -41 -0.405539 -0.796222 -1.60049 0.399365 0.299781 0.600532
337 0 -0.39958 -0.801079 -1.79961 0.401407 0.300446 0.598836
338 27 -0.400883 -0.803727 -1.99833 0.400188 0.300619 0.599565
357 199 -0.3973 -0.301952 -1.60031 0.398518 0.299841 0.601064
354 203 -0.402047 -0.302306 -1.79916 0.400426 0.298395 0.600516
353 209 -0.398586 -0.300818 -2.00016 0.398855 0.300007 0.600759
381 443 -0.401611 0.201668 -1.59939 0.399461 0.29944 0.600638
377 408 -0.400556 0.200761 -1.79979 0.401038 0.299787 0.599413
374 386 -0.397242 0.200561 -2.00049 0.399393 0.301221 0.599792
96 -15 0.0999965 -0.799925 -1.60004 0.399888 0.300312 0.599919
134 21 0.101028 -0.801337 -1.79935 0.399669 0.300257 0.600092
159 50 0.100825 -0.800129 -1.99991 0.400055 0.299182 0.600372
115 223 0.0983448 -0.298538 -1.60038 0.398545 0.300713 0.600611
152 224 0.100248 -0.295727 -1.80069 0.400374 0.30015 0.599676
175 227 0.0916304 -0.302422 -2.00004 0.40058 0.29934 0.599943
140 464 0.0994264 0.199781 -1.60006 0.399059 0.299867 0.600693
173 431 0.104456 0.197639 -1.80001 0.399604 0.299398 0.600564
194 402 0.098799 0.201163 -1.99994 0.401978 0.300216 0.598569
578 -69 -0.102285 -0.197265 -1.90016 -0.40214 -0.299113 0.899341
540 -25 -0.0976229 -0.199346 -2.10017 -0.399408 -0.30007 0.900239
514 10 -0.0985495 -0.211107 -2.29907 -0.400719 -0.299024 0.900005
604 174 -0.0979069 0.30285 -1.89966 -0.399439 -0.303872 0.89895
566 184 -0.0983868 0.304484 -2.09943 -0.398835 -0.301319 0.900076
534 189 -0.0992288 0.30515 -2.29936 -0.401785 -0.300494 0.899039
630 423 -0.104642 0.807001 -1.89679 -0.39975 -0.301325 0.899668
584 393 -0.105033 0.802558 -2.09878 -0.40323 -0.302975 0.897559
553 371 -0.108035 0.804146 -2.29819 -0.401734 -0.297424 0.900083
331 -39 0.403205 -0.207669 -1.8985 -0.399635 -0.301275 0.899736
337 0 0.401032 -0.200562 -2.09975 -0.399426 -0.301155 0.899869
338 31 0.396259 -0.194544 -2.30112 -0.402521 -0.29612 0.900161
356 199 0.398902 0.302422 -1.89985 -0.400809 -0.29796 0.900317
355 204 0.403769 0.300121 -2.09926 -0.399627 -0.303553 0.898974
356 207 0.399128 0.303002 -2.29976 -0.399063 -0.300462 0.900262
381 442 0.402245 0.799787 -1.89962 -0.3988 -0.300733 0.900287
375 411 0.401913 0.805621 -2.09748 -0.402724 -0.298218 0.899377
373 384 0.40097 0.80268 -2.2989 -0.401637 -0.299069 0.899581
95 -14 0.902241 -0.200374 -1.8989 -0.397665 -0.299375 0.901242
135 22 0.898088 -0.194029 -2.10138 -0.400097 -0.299553 0.900106
161 50 0.897679 -0.197748 -2.3011 -0.399459 -0.30348 0.899073
118 225 0.896873 0.300866 -1.90134 -0.398317 -0.300268 0.900657
151 223 0.899094 0.30051 -2.10032 -0.401742 -0.298641 0.899676
177 224 0.900079 0.299696 -2.30001 -0.401387 -0.299228 0.899639
141 465 0.895244 0.804936 -1.90016 -0.401043 -0.29875 0.899952
171 428 0.909443 0.796563 -2.09724 -0.400662 -0.30061 0.899502
194 402 0.891701 0.796944 -2.30429 -0.400132 -0.30064 0.899728
580 -69 -0.0965699 -0.493311 -1.90192 -0.397755 -0.000596502 0.900994
542 -21 -0.105581 -0.494912 -2.10093 -0.401027 0.000362013 0.899543
517 11 -0.0963179 -0.504196 -2.29924 -0.399498 0.00272343 0.900219
606 174 -0.10425 -0.000867186 -1.89977 -0.400528 -0.000386318 0.899765
562 181 -0.0962968 -0.00458358 -2.10017 -0.400144 -0.000287912 0.899936
533 190 -0.0992271 -0.00630228 -2.30002 -0.400066 -0.000717738 0.89997
628 422 -0.101913 0.500258 -1.89983 -0.399776 -0.00123543 0.900099
584 392 -0.0908779 0.494232 -2.10178 -0.400034 -1.44779e-005 0.899985
554 369 -0.100261 0.49957 -2.30008 -0.399957 -7.47578e-005 0.900019
331 -39 0.400687 -0.507409 -1.89789 -0.399993 -0.000715589 0.900003
334 2 0.399994 -0.500687 -2.09984 -0.398287 -0.00140391 0.900758
336 27 0.40687 -0.501752 -2.29841 -0.401337 0.00359896 0.899398
357 202 0.398359 0.00124068 -1.90034 -0.40035 0.000508248 0.899844
354 203 0.400477 0.00126485 -2.09991 -0.399764 -0.000774359 0.900105
352 208 0.395268 0.00537708 -2.30081 -0.400856 7.81345e-005 0.899619
384 444 0.398653 0.499155 -1.90051 -0.400944 0.000183586 0.89958
377 412 0.398262 0.507002 -2.09865 -0.401159 0.000976196 0.899483
372 386 0.407844 0.501438 -2.29831 -0.403026 0.00193485 0.898647
97 -15 0.899477 -0.500137 -1.90021 -0.399477 0.00100934 0.900232
134 22 0.899125 -0.50014 -2.10034 -0.39748 -0.000137656 0.901116
161 49 0.897213 -0.510755 -2.29873 -0.399735 -0.000189006 0.900118
118 225 0.900418 -0.000517383 -1.8998 -0.399802 -0.00277932 0.900083
153 225 0.905006 0.00815411 -2.09783 -0.399159 -0.000429118 0.900373
176 225 0.90092 0.00279655 -2.29964 -0.399937 -0.00385249 0.90002
139 467 0.896497 0.501719 -1.9012 -0.399989 3.64909e-005 0.900005
173 431 0.9034 0.503103 -2.0978 -0.399561 -0.000976857 0.900194
194 401 0.899368 0.500989 -2.30003 -0.402503 0.00372695 0.898875
578 -68 -0.0984907 -0.808318 -1.89656 -0.401207 0.298015 0.900122
541 -23 -0.109533 -0.796572 -2.10083 -0.395977 0.299226 0.902034
514 12 -0.09735 -0.801966 -2.29943 -0.398522 0.303563 0.899461
603 175 -0.101226 -0.299819 -1.89996 -0.400453 0.300139 0.899752
564 183 -0.101293 -0.299055 -2.10007 -0.399997 0.300001 0.900001
533 191 -0.0926631 -0.291064 -2.30146 -0.398729 0.297731 0.901316
628 425 -0.100613 0.200626 -1.8999 -0.399844 0.301072 0.899711
584 392 -0.0984373 0.199097 -2.10016 -0.39965 0.297986 0.900824
554 370 -0.101654 0.196607 -2.30022 -0.399043 0.296382 0.901622
332 -40 0.401008 -0.801981 -1.89895 -0.400447 0.299657 0.899915
337 0 0.398715 -0.799539 -2.10042 -0.398801 0.296136 0.90181
336 29 0.406905 -0.794359 -2.30074 -0.396693 0.299734 0.901551
355 198 0.394233 -0.303523 -1.90065 -0.398608 0.30062 0.900411
353 203 0.399559 -0.300221 -2.10005 -0.400421 0.300118 0.899774
353 207 0.399972 -0.301157 -2.29985 -0.40076 0.304101 0.898284
381 444 0.400708 0.199309 -1.89992 -0.400116 0.298038 0.9006
378 411 0.397299 0.201576 -2.10036 -0.40029 0.300272 0.89978
374 386 0.398148 0.205496 -2.29984 -0.397491 0.297515 0.901935
97 -15 0.894654 -0.803763 -1.90094 -0.399972 0.301397 0.899546
134 23 0.901196 -0.800945 -2.09913 -0.400877 0.300648 0.899393
160 48 0.901592 -0.799081 -2.2997 -0.400538 0.300811 0.89949
115 224 0.899218 -0.302137 -1.90003 -0.399881 0.301696 0.899486
150 223 0.899545 -0.299212 -2.10031 -0.397479 0.299806 0.901181
175 226 0.90074 -0.297749 -2.3 -0.399925 0.299176 0.900307
138 466 0.901071 0.198163 -1.89968 -0.400105 0.299852 0.900002
173 429 0.908284 0.20069 -2.09636 -0.398875 0.301262 0.900078
194 402 0.898763 0.198332 -2.30063 -0.399195 0.299778 0.900431
576 -69 -0.501268 -0.201051 -1.89955 -9.71098e-006 -0.300617 0.899794
542 -22 -0.496737 -0.202894 -2.1005 -0.000484686 -0.298155 0.900613
513 12 -0.501669 -0.203156 -2.29936 -0.00120721 -0.300287 0.899903
606 176 -0.495014 0.307132 -1.90017 -0.000329603 -0.299871 0.900043
562 181 -0.503544 0.297714 -2.09948 -0.00100132 -0.301379 0.899539
532 190 -0.500038 0.299597 -2.30004 0.00013917 -0.296868 0.901038
630 423 -0.500999 0.801182 -1.89924 7.93189e-005 -0.300013 0.899996
586 392 -0.500481 0.798641 -2.1004 0.000160022 -0.297285 0.9009
552 369 -0.494708 0.796149 -2.30248 0.00135078 -0.299743 0.900084
332 -42 -0.00287428 -0.199611 -1.90004 -5.09038e-005 -0.300715 0.899761
336 2 0.00656025 -0.201109 -2.09988 0.00105423 -0.300641 0.899785
336 29 8.62804e-005 -0.20048 -2.29996 0.00126622 -0.300689 0.899769
356 200 -0.000927257 0.298605 -1.90022 -0.000103716 -0.301781 0.899404
355 205 0.00132147 0.300805 -2.09988 0.00158096 -0.297715 0.900757
352 206 0.00127432 0.301065 -2.29986 -0.00155481 -0.299159 0.900279
381 444 -0.000142529 0.799958 -1.90002 -1.78976e-006 -0.299985 0.900005
377 409 -0.00520628 0.800718 -2.09972 -0.000641889 -0.299255 0.900248
370 384 -0.00122269 0.800096 -2.29997 -0.000338789 -0.29678 0.901067
96 -11 0.498994 -0.198832 -1.90039 0.00032744 -0.298887 0.90037
132 22 0.500146 -0.200675 -2.0999 0.000289035 -0.299485 0.900171
161 51 0.499263 -0.202422 -2.29995 -0.00181912 -0.299859 0.900045
117 223 0.499611 0.299542 -1.90017 -0.00195546 -0.298748 0.900414
151 226 0.500362 0.294161 -2.10074 -1.15678e-005 -0.298569 0.900476
178 225 0.490453 0.302369 -2.30174 -0.00382563 -0.299611 0.900122
140 465 0.498707 0.801216 -1.89983 -0.000758706 -0.298544 0.900484
173 429 0.50387 0.802152 -2.09825 -0.0017336 -0.300995 0.899666
195 401 0.498843 0.799527 -2.30042 -0.00277713 -0.299744 0.900081
579 -68 -0.496105 -0.499776 -1.90108 -0.00016309 -0.00131298 0.899999
543 -23 -0.492806 -0.504859 -2.10054 -0.000176417 -0.00337037 0.899994
516 11 -0.501715 -0.500983 -2.29941 0.00269829 0.0011286 0.899995
604 176 -0.496797 -0.000543993 -1.90084 -4.19987e-006 -0.00065587 0.9
565 185 -0.49998 1.63609e-005 -2.1 -3.5353e-005 -0.000765857 0.9
534 189 -0.49982 -0.00115063 -2.30004 0.000421465 -0.00175139 0.899998
630 423 -0.498891 0.499936 -1.90031 0.000448999 0.00135561 0.899999
587 391 -0.500231 0.502328 -2.09939 0.000619377 0.000344868 0.9
553 369 -0.502506 0.500191 -2.29941 0.00216875 -0.00140993 0.899996
333 -43 0.0024841 -0.495514 -1.90117 -0.000210195 0.000452739 0.9
336 1 -0.0054579 -0.49542 -2.10108 0.00300453 -0.000540662 0.899995
338 31 -6.10538e-005 -0.500005 -2.3 8.84564e-005 0.00186977 0.899998
355 200 -0.000407082 0.000441181 -1.9 -0.00107372 -0.000307679 0.899999
357 204 -0.00258726 0.00904895 -2.09998 0.00118977 0.000900375 0.899999
352 209 -0.000696116 -0.000349637 -2.3 -0.000703346 -0.00243387 0.899996
380 444 0.00625021 0.499673 -1.90008 0.000181075 -0.000115744 0.9
377 408 0.00366473 0.492144 -2.10185 0.00185107 0.00200816 0.899996
373 387 0.000769672 0.50797 -2.29825 -0.000999681 -0.00263769 0.899996
95 -15 0.500515 -0.501106 -1.89957 -1.01936e-005 -0.000284149 0.9
133 21 0.500877 -0.497962 -2.10028 0.00187138 -0.000416438 0.899998
161 49 0.500095 -0.501122 -2.29974 0.000438 0.00112061 0.899999
118 224 0.497944 0.001643 -1.90054 0.00185466 0.000364933 0.899998
151 225 0.497713 -0.00183683 -2.10054 0.00118244 -0.001263 0.899998
178 227 0.499999 0.00560666 -2.29999 0.000838063 0.000786131 0.899999
140 463 0.500429 0.497062 -1.90066 -0.00017143 -0.00163439 0.899998
170 429 0.500547 0.502347 -2.09931 0.00161619 -0.000288629 0.899998
194 400 0.498632 0.498743 -2.30057 8.87332e-005 -0.00268035 0.899996
578 -71 -0.499652 -0.799933 -1.90012 -0.00119793 0.299796 0.900067
542 -23 -0.505517 -0.79258 -2.10149 -0.000492812 0.301305 0.899564
514 12 -0.500555 -0.808281 -2.29698 -0.000297109 0.298504 0.900497
603 175 -0.494124 -0.300689 -1.90143 0.00115728 0.302195 0.899265
563 183 -0.499256 -0.299398 -2.10026 0.000351033 0.29957 0.900143
535 191 -0.496548 -0.300216 -2.30072 -0.00163609 0.299692 0.900101
628 423 -0.493784 0.198735 -1.90176 -0.00145793 0.300905 0.899697
585 392 -0.50006 0.192076 -2.10073 -0.00294953 0.298537 0.900481
552 369 -0.502769 0.193243 -2.29997 0.00118292 0.298733 0.900421
333 -41 -0.00253278 -0.799633 -1.90015 -0.00180646 0.302749 0.899077
334 2 0.00700474 -0.801768 -2.09931 0.000488833 0.299619 0.900127
336 28 -0.00276263 -0.802164 -2.29924 0.0010161 0.2989 0.900365
357 199 -0.000567045 -0.300515 -1.89992 -0.000139684 0.299444 0.900185
355 206 0.00418589 -0.303239 -2.09953 0.00177596 0.298922 0.900357
355 207 -0.00116121 -0.301856 -2.29976 -0.000454115 0.299508 0.900164
382 444 -0.000868436 0.190364 -1.90099 -0.000360091 0.300063 0.899979
374 408 0.0020414 0.199663 -2.10003 0.00293753 0.30075 0.899745
372 384 -0.00196559 0.201694 -2.29985 0.000756883 0.301701 0.899431
93 -15 0.50153 -0.804334 -1.89777 -0.000403114 0.301533 0.899487
131 23 0.503125 -0.791498 -2.10247 -2.80826e-005 0.300061 0.89998
162 50 0.500617 -0.799973 -2.29988 -0.000459577 0.302403 0.899195
119 225 0.500352 -0.301506 -1.89967 -0.000106289 0.300359 0.89988
152 225 0.499519 -0.29101 -2.10138 -0.00169738 0.300795 0.899733
179 224 0.500182 -0.30002 -2.29996 -0.000185064 0.299945 0.900018
142 464 0.49941 0.196922 -1.90048 -0.00151198 0.300149 0.899949
173 429 0.503893 0.201363 -2.09894 0.0018222 0.302776 0.899068
195 401 0.499918 0.193809 -2.30055 -0.000278102 0.302282 0.899236
580 -68 -0.898033 -0.203045 -1.90061 0.399553 -0.300451 0.900048
541 -24 -0.894026 -0.199617 -2.10259 0.400364 -0.299527 0.899996
516 10 -0.903857 -0.201473 -2.29836 0.400025 -0.29999 0.899992
604 173 -0.897321 0.296961 -1.90174 0.400999 -0.29813 0.900177
566 185 -0.90127 0.29977 -2.09949 0.401156 -0.301409 0.899014
535 189 -0.897428 0.289727 -2.30232 0.401624 -0.301432 0.898797
632 423 -0.900734 0.798918 -1.90011 0.403477 -0.29634 0.89966
584 390 -0.899943 0.799991 -2.10003 0.398393 -0.301996 0.900045
551 368 -0.893801 0.808254 -2.29953 0.399623 -0.299881 0.900207
333 -42 -0.399767 -0.197502 -1.90031 0.400325 -0.299646 0.899973
335 -2 -0.395243 -0.198501 -2.10104 0.401006 -0.298013 0.900212
335 29 -0.403396 -0.203485 -2.2991 0.398785 -0.300889 0.900242
357 199 -0.401523 0.30079 -1.89955 0.402116 -0.301238 0.898642
355 206 -0.393947 0.297636 -2.10148 0.398851 -0.299845 0.900561
355 207 -0.400126 0.29634 -2.30045 0.398648 -0.302817 0.899656
382 444 -0.399248 0.798943 -1.9006 0.401977 -0.303939 0.897795
375 412 -0.397528 0.796975 -2.10162 0.398909 -0.304092 0.899111
370 388 -0.394698 0.809292 -2.29766 0.400935 -0.299213 0.899846
94 -13 0.102568 -0.199718 -1.89989 0.398537 -0.300007 0.900647
132 22 0.100336 -0.199876 -2.1 0.399379 -0.301077 0.899916
159 50 0.0922311 -0.198856 -2.30042 0.398732 -0.297721 0.901318
119 225 0.0945341 0.30196 -1.89997 0.398744 -0.301337 0.900111
154 223 0.0986031 0.302416 -2.09972 0.401806 -0.299844 0.899247
175 223 0.106193 0.306619 -2.29885 0.400221 -0.298592 0.90037
140 465 0.0982663 0.798065 -1.9009 0.397898 -0.297277 0.901834
172 431 0.0975074 0.795832 -2.1017 0.399624 -0.300616 0.899961
193 403 0.0978669 0.800541 -2.2999 0.399661 -0.299454 0.900332
578 -70 -0.896745 -0.502489 -1.90088 0.400719 0.00351725 0.899673
542 -25 -0.900316 -0.49924 -2.10005 0.39846 -0.000902271 0.900682
514 12 -0.89917 -0.50123 -2.30006 0.397748 0.00239584 0.900994
604 176 -0.902932 0.0061025 -1.8986 0.39966 -0.000834755 0.90015
564 184 -0.896513 0.00152074 -2.10149 0.401024 -0.000630724 0.899544
533 187 -0.898935 -0.00186556 -2.30042 0.400074 -0.000108719 0.899967
630 422 -0.898309 0.502245 -1.90021 0.399631 -0.00111691 0.900163
586 393 -0.899169 0.498565 -2.1007 0.400108 -8.65133e-005 0.899952
553 368 -0.899071 0.49847 -2.3007 0.398214 0.000583931 0.900791
331 -41 -0.400532 -0.504347 -1.89874 0.403033 0.000294785 0.898646
335 1 -0.400685 -0.499947 -2.09988 0.401035 0.00246644 0.899536
337 29 -0.398185 -0.500664 -2.30017 0.399367 -0.000560925 0.900281
357 198 -0.403046 -0.000976453 -1.89936 0.399346 2.428e-005 0.90029
357 202 -0.400253 -0.000787809 -2.09995 0.400418 -0.00172055 0.899813
354 209 -0.400951 -0.000545229 -2.29983 0.399951 -0.00017234 0.900022
382 442 -0.400295 0.499143 -1.90016 0.399999 -8.95427e-006 0.9
376 410 -0.39743 0.495804 -2.10148 0.399691 7.28865e-005 0.900137
374 384 -0.397551 0.497026 -2.30107 0.399876 -0.000296304 0.900055
93 -14 0.104275 -0.494304 -1.90126 0.400995 0.00450066 0.899546
135 24 0.0992831 -0.49482 -2.10126 0.39855 -0.000750176 0.900643
161 51 0.100462 -0.500279 -2.29992 0.400051 -2.01008e-005 0.899977
115 226 0.101928 -0.00102213 -1.8999 0.396288 0.000818181 0.90164
154 224 0.102494 0.000737355 -2.09988 0.401986 -0.00306628 0.89911
175 224 0.0994828 0.00141681 -2.30002 0.400053 -0.000727328 0.899976
142 463 0.103909 0.500979 -1.89953 0.399748 0.000651698 0.900112
173 431 0.0988384 0.494996 -2.10124 0.399907 0.000211293 0.900041
194 403 0.0971165 0.494355 -2.30134 0.400085 0.000772726 0.899962
578 -71 -0.898344 -0.798078 -1.90159 0.40002 0.299726 0.900083
544 -25 -0.897134 -0.800469 -2.10105 0.397025 0.302579 0.900454
517 11 -0.911376 -0.801976 -2.29483 0.403359 0.298858 0.89888
603 174 -0.900175 -0.299739 -1.89996 0.401207 0.297078 0.900432
564 185 -0.895512 -0.294939 -2.10263 0.399328 0.302353 0.899511
536 190 -0.899116 -0.300988 -2.30022 0.400057 0.299889 0.900012
631 425 -0.898977 0.200745 -1.90041 0.40138 0.301063 0.89903
586 390 -0.899181 0.19802 -2.10054 0.401899 0.297971 0.899828
552 370 -0.893178 0.200882 -2.30258 0.398944 0.297053 0.901445
334 -42 -0.399256 -0.79924 -1.90048 0.400346 0.300744 0.899597
333 2 -0.401941 -0.801327 -2.09912 0.40273 0.297767 0.899524
335 30 -0.400047 -0.800473 -2.29983 0.39828 0.303145 0.899709
357 198 -0.409191 -0.299473 -1.89813 0.399983 0.300077 0.899982
354 205 -0.401986 -0.298074 -2.0999 0.398687 0.299592 0.900718
356 207 -0.400415 -0.299367 -2.30001 0.401422 0.301716 0.898792
382 444 -0.402147 0.197136 -1.89985 0.398184 0.29678 0.901871
374 408 -0.399129 0.204948 -2.09969 0.39753 0.303553 0.899903
370 385 -0.399574 0.200471 -2.30003 0.395852 0.30169 0.901268
95 -11 0.0991336 -0.805849 -1.89757 0.399123 0.299467 0.900567
133 20 0.103819 -0.799528 -2.09999 0.402152 0.299448 0.899224
161 49 0.0982032 -0.795901 -2.3015 0.400946 0.29952 0.899739
117 225 0.0991077 -0.300211 -1.90001 0.39999 0.299991 0.900007
150 222 0.101083 -0.299623 -2.1 0.401643 0.299575 0.89941
177 224 0.100402 -0.304482 -2.29939 0.39954 0.300703 0.89997
142 465 0.103842 0.207842 -1.89895 0.399691 0.298408 0.900666
169 430 0.101138 0.204546 -2.09951 0.400037 0.298881 0.900356
192 404 0.102396 0.207671 -2.29921 0.400993 0.301394 0.899092
576 -71 -0.104309 -0.204927 -2.19935 -0.399428 -0.301777 1.19975
543 -23 -0.099906 -0.20268 -2.39978 -0.399845 -0.300434 1.19994
517 9 -0.0999779 -0.19997 -2.6 -0.398773 -0.303725 1.19947
603 175 -0.103407 0.301998 -2.19957 -0.397278 -0.298056 1.20139
563 183 -0.103069 0.304083 -2.39936 -0.404063 -0.301222 1.19833
532 187 -0.0985173 0.293417 -2.60081 -0.400297 -0.300001 1.1999
631 423 -0.0994493 0.79222 -2.20284 -0.399971 -0.299955 1.20002
588 391 -0.0988237 0.809915 -2.39672 -0.400084 -0.300253 1.19991
552 369 -0.099338 0.794421 -2.60174 -0.402973 -0.297418 1.19965
332 -40 0.393146 -0.204291 -2.20084 -0.398227 -0.30068 1.20042
334 2 0.398419 -0.210287 -2.39938 -0.399712 -0.300498 1.19997
336 29 0.400002 -0.199711 -2.60002 -0.400742 -0.299103 1.19998
356 198 0.400155 0.299765 -2.2 -0.400513 -0.29714 1.20054
355 206 0.400828 0.293418 -2.40068 -0.399503 -0.295454 1.20129
353 207 0.401053 0.301163 -2.5997 -0.398773 -0.299879 1.20044
382 443 0.394184 0.794984 -2.20287 -0.399984 -0.299931 1.20002
378 409 0.403416 0.801188 -2.39903 -0.399877 -0.300136 1.20001
371 385 0.398003 0.801976 -2.5997 -0.399159 -0.30022 1.20022
97 -11 0.900843 -0.200032 -2.19965 -0.399654 -0.299823 1.20016
134 20 0.904933 -0.200872 -2.39807 -0.400127 -0.294928 1.20121
163 49 0.900267 -0.200133 -2.5999 -0.402159 -0.299273 1.19946
116 224 0.900085 0.297856 -2.20026 -0.401392 -0.297112 1.20025
152 223 0.90598 0.299177 -2.39785 -0.402041 -0.29941 1.19947
176 224 0.90312 0.313547 -2.59732 -0.398194 -0.306199 1.19903
141 465 0.900128 0.798301 -2.20057 -0.397257 -0.298015 1.2014
170 427 0.901794 0.807631 -2.39677 -0.399606 -0.303856 1.19916
192 400 0.911321 0.798338 -2.59657 -0.39767 -0.300585 1.20063
578 -70 -0.0905202 -0.499937 -2.20042 -0.400922 0.00417329 1.19968
542 -23 -0.101856 -0.497171 -2.40051 -0.402162 -0.00502122 1.19927
517 10 -0.0978461 -0.504998 -2.59912 -0.399524 -0.00276747 1.20016
604 176 -0.0954024 -0.00181221 -2.2002 -0.398594 0.00283608 1.20046
564 183 -0.0985599 -0.000486662 -2.40006 -0.400883 0.00239886 1.1997
534 190 -0.100065 -0.000186301 -2.6 -0.399548 0.00522211 1.20014
631 425 -0.100543 0.509701 -2.19775 -0.400311 -0.000745172 1.1999
586 392 -0.101568 0.507091 -2.39845 -0.399726 0.000121132 1.20009
555 369 -0.0968476 0.502528 -2.59963 -0.399981 -2.52391e-005 1.20001
335 -41 0.398324 -0.505162 -2.19912 -0.397926 -0.00244199 1.20069
337 1 0.397614 -0.498889 -2.40063 -0.399702 0.00170918 1.2001
337 29 0.392887 -0.502931 -2.60052 -0.396904 -0.00133744 1.20103
357 200 0.400294 0.000782733 -2.19995 -0.4057 0.000748625 1.19808
357 202 0.400389 0.00688502 -2.39993 -0.401524 -0.0027629 1.19949
354 209 0.400104 0.00256935 -2.59998 -0.40018 -0.00593484 1.19993
381 444 0.399724 0.497619 -2.20059 -0.399801 -0.00134168 1.20007
378 410 0.39498 0.502757 -2.40026 -0.402551 -0.00184473 1.19915
371 387 0.400333 0.498668 -2.6002 -0.400023 3.01186e-005 1.19999
95 -15 0.901381 -0.497241 -2.20006 -0.399722 -0.000388089 1.20009
131 21 0.899892 -0.506702 -2.39863 -0.398344 0.00205987 1.20055
159 49 0.899888 -0.499587 -2.60012 -0.399893 -0.00214527 1.20003
117 224 0.899412 0.00332084 -2.20024 -0.399826 0.00522583 1.20005
152 222 0.900048 -0.000543589 -2.39998 -0.400053 0.0038913 1.19998
177 225 0.899853 0.0012065 -2.60005 -0.400916 0.000788653 1.19969
140 465 0.897771 0.506997 -2.19931 -0.401098 0.00478435 1.19962
173 427 0.90396 0.499527 -2.39861 -0.402101 -0.00143769 1.1993
193 403 0.903161 0.508046 -2.59734 -0.401856 -0.0028818 1.19938
578 -67 -0.101596 -0.795482 -2.20156 -0.403437 0.298244 1.19929
540 -23 -0.0996043 -0.799424 -2.40021 -0.399868 0.296867 1.20082
514 10 -0.0991977 -0.802315 -2.59932 -0.398134 0.302227 1.20006
602 173 -0.102576 -0.300276 -2.19984 -0.4 0.297226 1.20069
566 185 -0.100303 -0.299785 -2.40001 -0.397888 0.299083 1.20093
534 188 -0.0980448 -0.304691 -2.59953 -0.400585 0.295055 1.20103
631 424 -0.0946258 0.196997 -2.20051 -0.400004 0.299948 1.20001
588 394 -0.101823 0.203223 -2.39965 -0.39659 0.300935 1.2009
551 369 -0.100828 0.200442 -2.59993 -0.40001 0.300021 1.19999
333 -41 0.396867 -0.79842 -2.20114 -0.400578 0.302005 1.1993
336 0 0.400047 -0.800023 -2.39998 -0.401803 0.298885 1.19968
338 28 0.401981 -0.804681 -2.59825 -0.396175 0.296213 1.20221
358 201 0.406386 -0.297735 -2.19914 -0.398759 0.303561 1.19952
354 203 0.398518 -0.296997 -2.40062 -0.403238 0.301148 1.19863
355 209 0.389573 -0.295347 -2.60212 -0.39993 0.300136 1.19999
381 446 0.400049 0.199966 -2.19999 -0.400145 0.299695 1.20003
378 408 0.401661 0.199802 -2.39974 -0.400913 0.298582 1.20005
370 385 0.402352 0.195947 -2.59995 -0.40073 0.299645 1.19984
95 -11 0.896747 -0.8056 -2.19929 -0.400995 0.294203 1.2011
131 20 0.900961 -0.800669 -2.39942 -0.398277 0.300352 1.20048
159 50 0.897293 -0.797106 -2.60182 -0.399883 0.300106 1.20001
116 223 0.899961 -0.30039 -2.19996 -0.400005 0.300345 1.19991
153 224 0.899564 -0.300448 -2.40011 -0.40217 0.29795 1.19979
175 225 0.905153 -0.30028 -2.59818 -0.400786 0.301009 1.19948
140 467 0.894732 0.20392 -2.20179 -0.398848 0.300357 1.20029
171 427 0.90368 0.19827 -2.39876 -0.399039 0.297523 1.20094
194 404 0.898754 0.193803 -2.6009 -0.401646 0.301713 1.19902
580 -67 -0.499776 -0.20074 -2.19998 0.00331157 -0.303162 1.1992
542 -24 -0.500275 -0.18985 -2.40077 6.72779e-005 -0.302086 1.19948
515 11 -0.499418 -0.195144 -2.60048 0.00408746 -0.297272 1.20067
606 173 -0.50089 0.301301 -2.19962 0.000397982 -0.301039 1.19974
562 184 -0.499969 0.300122 -2.39999 -0.00135807 -0.299145 1.20021
533 190 -0.499635 0.295687 -2.60056 -0.00250475 -0.301287 1.19967
630 424 -0.496793 0.796221 -2.2021 -0.0026025 -0.301083 1.19973
584 391 -0.507496 0.793929 -2.40044 0.000914535 -0.298899 1.20027
555 369 -0.498808 0.799605 -2.60035 0.00113416 -0.299655 1.20009
332 -39 0.000634473 -0.200369 -2.19997 0.000664529 -0.29806 1.20048
336 0 0.000139817 -0.209158 -2.39922 0.00120531 -0.301239 1.19969
338 29 0.00763884 -0.205467 -2.59956 0.000122277 -0.305742 1.19855
356 198 -0.00575074 0.304389 -2.19939 -0.0018793 -0.300932 1.19977
355 203 0.000987421 0.302987 -2.39962 -2.01739e-005 -0.299579 1.20011
356 206 0.00303639 0.299819 -2.60002 -0.00211673 -0.30086 1.19978
382 446 0.00072416 0.797764 -2.20081 0.000728838 -0.30038 1.1999
376 412 -0.00149193 0.802453 -2.39918 -0.00103322 -0.302265 1.19943
373 385 0.00306571 0.7993 -2.60021 -0.000245391 -0.300202 1.19995
94 -13 0.498345 -0.200812 -2.2003 0.000481755 -0.297571 1.2006
135 23 0.499868 -0.199632 -2.40006 0.000552831 -0.301433 1.19964
159 51 0.501541 -0.197769 -2.59987 -0.000713625 -0.300005 1.2
117 222 0.497278 0.302656 -2.20025 0.000839678 -0.300172 1.19996
151 226 0.499993 0.300462 -2.39994 -0.000254708 -0.299978 1.20001
179 225 0.500841 0.300015 -2.59984 -0.00270581 -0.298415 1.20039
140 466 0.497934 0.79983 -2.20053 8.51975e-005 -0.302312 1.19942
173 430 0.50502 0.801109 -2.39858 -0.000405043 -0.29997 1.20001
195 404 0.496945 0.802855 -2.59971 0.000572172 -0.301395 1.19965
579 -70 -0.495603 -0.501194 -2.20072 -0.0033399 0.002526 1.19999
542 -23 -0.499962 -0.500086 -2.39999 -0.000186774 -0.00120847 1.2
515 9 -0.497496 -0.502701 -2.59996 0.000115342 0.000257947 1.2
603 173 -0.501206 0.00124261 -2.19973 -0.000381711 0.000523501 1.2
564 182 -0.50119 -0.0059716 -2.39974 0.00187844 0.00104835 1.2
532 189 -0.506729 0.00341929 -2.59869 0.00238605 0.000975454 1.2
631 423 -0.498904 0.503182 -2.19952 -0.0030732 0.0038424 1.19999
588 394 -0.498533 0.50684 -2.39887 -0.000811388 -0.00430948 1.19999
553 367 -0.506157 0.499413 -2.59892 -0.000614031 0.000696414 1.2
332 -43 0.00547312 -0.49234 -2.20172 -0.00386341 -0.00282742 1.19999
337 -1 0.00491066 -0.492208 -2.40161 -0.0011054 -0.000332886 1.2
338 28 0.00368522 -0.494376 -2.60107 -0.000897723 -0.00193942 1.2
357 202 0.000304111 -0.00055641 -2.2 0.000823379 -0.00153205 1.2
353 205 0.0104524 -0.00238883 -2.39998 0.000434643 -0.000905144 1.2
352 209 0.00729297 0.00174141 -2.59999 -0.000149227 -0.00190131 1.2
382 444 -0.00127455 0.501419 -2.19968 0.00380114 -0.00212655 1.19999
374 408 0.00439657 0.498511 -2.40031 0.00323335 0.00311037 1.19999
370 386 -0.00168404 0.499018 -2.60019 0.00101127 0.00145899 1.2
95 -15 0.507743 -0.503989 -2.19731 -0.000834323 -0.00108636 1.2
135 22 0.496261 -0.496743 -2.40145 -0.000800222 0.00327907 1.2
159 49 0.506048 -0.509275 -2.59703 0.00202121 -0.000603638 1.2
118 224 0.492816 -0.00368193 -2.20162 0.000204502 0.000691896 1.2
152 225 0.500722 -0.00178695 -2.39985 -0.000129175 0.000425823 1.2
175 226 0.500085 -0.00653958 -2.59998 0.00011278 0.00364764 1.19999
140 467 0.505576 0.50137 -2.19841 0.00127909 0.000687428 1.2
171 429 0.504462 0.491768 -2.40077 0.0042872 -0.000858824 1.19999
195 401 0.495688 0.495787 -2.60163 -0.00128479 -0.000100732 1.2
578 -69 -0.498643 -0.804022 -2.19884 -0.00222428 0.301069 1.19973
542 -23 -0.503579 -0.794855 -2.40096 7.64232e-006 0.29996 1.20001
516 11 -0.499841 -0.801689 -2.59951 -0.000581525 0.299116 1.20022
602 176 -0.506172 -0.294131 -2.19938 0.000967768 0.304966 1.19875
563 184 -0.500738 -0.300708 -2.39976 0.001811 0.296816 1.20079
534 188 -0.498508 -0.301036 -2.60017 4.70745e-005 0.299726 1.20007
632 421 -0.50006 0.204804 -2.19954 -7.88557e-005 0.297109 1.20072
585 393 -0.498123 0.199403 -2.40044 -0.0021782 0.301606 1.1996
551 371 -0.50018 0.199676 -2.59999 -0.00101747 0.30232 1.19942
335 -42 0.0017892 -0.795685 -2.20156 0.000486861 0.300494 1.19988
335 0 0.0101373 -0.802533 -2.39913 -0.00033618 0.299587 1.2001
336 29 0.00620479 -0.799706 -2.60008 0.0020581 0.301522 1.19962
358 200 -0.000130262 -0.298849 -2.20016 5.88104e-005 0.30162 1.19959
355 204 0.00310823 -0.305902 -2.39925 0.00190423 0.296536 1.20086
354 206 0.00755454 -0.298914 -2.60011 -0.00134679 0.299938 1.20001
383 443 -0.00467927 0.20763 -2.19929 0.00110151 0.299222 1.20019
374 411 -0.000640313 0.199886 -2.40001 -0.00157267 0.304059 1.19898
372 385 0.00153343 0.199797 -2.60002 -0.000216129 0.299714 1.20007
95 -13 0.49825 -0.803569 -2.1991 0.00011242 0.30011 1.19997
133 22 0.506067 -0.794875 -2.40043 -0.000371077 0.301174 1.19971
163 48 0.495656 -0.802678 -2.60001 0.00128758 0.299718 1.20007
118 225 0.502973 -0.302642 -2.19896 7.08482e-005 0.297558 1.20061
151 224 0.503308 -0.293996 -2.40005 -0.00341555 0.301411 1.19964
177 225 0.498204 -0.300695 -2.60026 -0.000619046 0.300069 1.19998
142 467 0.499647 0.197923 -2.20027 0.000533223 0.29966 1.20008
171 430 0.499759 0.199213 -2.40012 0.00042495 0.303586 1.1991
194 404 0.491385 0.199196 -2.6017 -2.0122e-005 0.300025 1.19999
577 -67 -0.898892 -0.20177 -2.20029 0.401799 -0.29766 1.19998
544 -21 -0.903444 -0.194136 -2.39919 0.40145 -0.300222 1.19946
516 8 -0.892283 -0.203838 -2.60236 0.399413 -0.301416 1.19984
606 175 -0.903192 0.302861 -2.1983 0.399135 -0.298216 1.20073
564 181 -0.903368 0.305281 -2.39807 0.400318 -0.299093 1.20012
536 187 -0.894363 0.296983 -2.60229 0.398903 -0.29978 1.20042
630 423 -0.906327 0.794696 -2.19932 0.39997 -0.299967 1.20002
587 392 -0.902756 0.797475 -2.39981 0.400177 -0.29691 1.20071
553 370 -0.90015 0.799185 -2.6002 0.398083 -0.300047 1.20063
335 -41 -0.398742 -0.208911 -2.1994 0.397354 -0.301924 1.2004
333 0 -0.399441 -0.201107 -2.4 0.397534 -0.299193 1.20102
336 27 -0.403846 -0.202722 -2.59919 0.401489 -0.301266 1.19919
355 199 -0.39998 0.294448 -2.20075 0.399353 -0.304676 1.19904
355 203 -0.401657 0.298589 -2.3999 0.39886 -0.299658 1.20046
355 206 -0.39939 0.303454 -2.59969 0.40188 -0.302984 1.19862
384 444 -0.400415 0.800419 -2.19977 0.400278 -0.300356 1.19982
376 408 -0.40223 0.791718 -2.40237 0.400821 -0.300161 1.19969
374 385 -0.397435 0.797725 -2.60109 0.399117 -0.304756 1.1991
94 -13 0.103093 -0.20225 -2.19965 0.4 -0.300007 1.2
131 21 0.0949083 -0.197472 -2.40042 0.396597 -0.302408 1.20052
162 48 0.100766 -0.200117 -2.59996 0.401719 -0.298605 1.19977
119 226 0.0990329 0.300459 -2.19998 0.399814 -0.29913 1.20028
152 222 0.100767 0.300002 -2.39997 0.402239 -0.297311 1.19992
177 225 0.0970492 0.295862 -2.60059 0.398596 -0.299261 1.20065
138 467 0.101172 0.799979 -2.19995 0.396702 -0.302282 1.20052
170 427 0.0991516 0.792086 -2.40266 0.403549 -0.302745 1.19812
194 403 0.103682 0.807979 -2.59739 0.401271 -0.301843 1.19911
577 -68 -0.905571 -0.499429 -2.19784 0.40169 -0.00197192 1.19943
541 -25 -0.900352 -0.497051 -2.40048 0.397398 0.00364353 1.20086
517 9 -0.899742 -0.499187 -2.60025 0.400486 -0.00100321 1.19984
603 176 -0.899552 0.000138386 -2.20018 0.397733 0.000434161 1.20075
566 183 -0.901349 0.00431703 -2.39949 0.400267 -0.000609455 1.19991
533 188 -0.899101 -0.000591282 -2.60031 0.40161 -0.00172587 1.19946
631 422 -0.90107 0.501816 -2.19915 0.400258 -0.00526733 1.1999
586 393 -0.901963 0.498918 -2.39949 0.402667 -0.00228557 1.19911
551 369 -0.895123 0.492839 -2.60305 0.399626 0.00127065 1.20012
331 -41 -0.397672 -0.495743 -2.20139 0.39889 0.000276064 1.20037
335 1 -0.401046 -0.501074 -2.3996 0.402015 0.00189715 1.19932
336 27 -0.407914 -0.498427 -2.59907 0.400543 0.00165085 1.19982
359 201 -0.391807 -0.000154222 -2.20147 0.399996 9.0061e-005 1.2
354 206 -0.402827 -0.00420264 -2.39952 0.399168 -0.000204869 1.20028
352 207 -0.398377 0.000268202 -2.60025 0.401001 0.0050086 1.19966
383 444 -0.399211 0.502123 -2.19966 0.401838 -0.0038797 1.19938
378 408 -0.399434 0.499194 -2.40026 0.399817 -0.000847992 1.20006
373 384 -0.392666 0.493775 -2.60231 0.398755 -0.00382538 1.20041
94 -13 0.103792 -0.505318 -2.19861 0.399916 -0.00391049 1.20002
132 20 0.0997224 -0.501261 -2.39975 0.402055 -0.00623814 1.1993
162 47 0.110658 -0.500244 -2.59952 0.399953 0.000400915 1.20002
117 224 0.0972715 0.00411549 -2.20012 0.400212 0.000546874 1.19993
153 224 0.099156 -0.00389445 -2.40003 0.400005 -0.000311936 1.2
177 223 0.0947059 -0.00339877 -2.6002 0.403074 0.000329789 1.19897
139 464 0.0989861 0.495253 -2.20112 0.399768 -0.000938136 1.20008
169 430 0.100048 0.500249 -2.39995 0.400921 0.00127897 1.19969
194 401 0.0997381 0.503672 -2.5993 0.39899 -0.000880317 1.20034
576 -69 -0.901982 -0.802126 -2.19841 0.398423 0.300534 1.20039
541 -25 -0.900064 -0.800043 -2.39996 0.399666 0.301563 1.19972
515 8 -0.896854 -0.803452 -2.60002 0.401448 0.305393 1.19815
604 176 -0.903754 -0.298726 -2.19863 0.40029 0.298046 1.20039
562 184 -0.899685 -0.293598 -2.40091 0.399805 0.299994 1.20007
536 189 -0.898468 -0.299529 -2.60058 0.400183 0.304198 1.19888
630 423 -0.904695 0.201821 -2.19791 0.400182 0.299814 1.19999
588 393 -0.895321 0.206039 -2.40124 0.400041 0.296912 1.20075
555 370 -0.899343 0.202075 -2.60007 0.400144 0.300305 1.19988
333 -42 -0.399169 -0.799287 -2.20041 0.399484 0.295524 1.20128
335 0 -0.403132 -0.804215 -2.39807 0.399636 0.299278 1.2003
338 29 -0.40057 -0.79799 -2.60053 0.399564 0.300384 1.20005
356 200 -0.403869 -0.304069 -2.19873 0.39956 0.299346 1.20031
355 206 -0.403895 -0.291875 -2.40035 0.401524 0.300456 1.19938
354 207 -0.395853 -0.304282 -2.60014 0.396218 0.304022 1.20024
382 446 -0.400795 0.198211 -2.20002 0.398302 0.297385 1.20122
374 412 -0.400007 0.200755 -2.39994 0.399823 0.29746 1.20069
371 384 -0.403494 0.194469 -2.59988 0.400094 0.299354 1.20013
95 -13 0.10782 -0.801263 -2.19917 0.400734 0.297258 1.20044
134 24 0.105893 -0.799087 -2.40005 0.399274 0.29919 1.20044
161 49 0.0993854 -0.792953 -2.60218 0.400006 0.299613 1.20009
119 226 0.100463 -0.291042 -2.20118 0.401603 0.299297 1.19964
153 222 0.0927358 -0.303023 -2.39991 0.401329 0.29827 1.19999
178 225 0.100589 -0.308522 -2.59898 0.401641 0.302604 1.1988
140 465 0.10486 0.198717 -2.19989 0.4011 0.299179 1.19984
169 431 0.104678 0.205686 -2.39932 0.402322 0.300283 1.19915
193 404 0.102007 0.198078 -2.60007 0.400006 0.299999 1.2
0 0 0 1 0 0 0 
calibration result:
fitted value:0.0316115 0.0447736 0.103147 0.998656 0.00308542 0.0149006 0.0495066 
k:11607
judgement1 and judgement2:2.64874e-011 2.60022e-017
calibration time:18486ms
