729
536.703 536.819 328.442 221.513

578 -67 -0.129511 -0.202959 -1.59751 -0.395548 -0.307974 0.59891
541 -25 -0.0805937 -0.185999 -1.80247 -0.394516 -0.311502 0.597765
513 8 -0.131856 -0.186715 -1.99944 -0.400846 -0.288221 0.605187
602 175 -0.0898611 0.312401 -1.59823 -0.398459 -0.301877 0.600084
564 182 -0.10358 0.301488 -1.79955 -0.397199 -0.303389 0.600157
534 188 -0.134165 0.316974 -1.99538 -0.404765 -0.307291 0.593075
630 423 -0.123954 0.780909 -1.60774 -0.398757 -0.310709 0.595359
587 390 -0.0797195 0.809658 -1.79669 -0.392325 -0.298186 0.605942
555 370 -0.102862 0.758037 -2.01613 -0.405895 -0.294391 0.598818
334 -43 0.400386 -0.199479 -1.59997 -0.401103 -0.299794 0.599366
333 -1 0.396623 -0.200368 -1.80071 -0.399305 -0.302661 0.599126
335 29 0.399581 -0.205991 -1.99948 -0.397591 -0.316103 0.593296
355 202 0.40019 0.300517 -1.59986 -0.399881 -0.299925 0.600117
353 206 0.399717 0.296511 -1.80064 -0.403981 -0.284336 0.60494
352 207 0.416486 0.31085 -1.99497 -0.403441 -0.288337 0.603405
383 444 0.399845 0.800612 -1.59973 -0.398105 -0.301935 0.600289
376 408 0.434197 0.803469 -1.79051 -0.411528 -0.290177 0.597028
374 385 0.387144 0.844435 -1.9842 -0.401118 -0.297153 0.60067
94 -12 0.903053 -0.198801 -1.59843 -0.403482 -0.293261 0.600999
133 20 0.903343 -0.190867 -1.79932 -0.395723 -0.288731 0.608307
163 47 0.898411 -0.201158 -2.0006 -0.400766 -0.30326 0.597846
115 225 0.894069 0.26922 -1.60878 -0.398166 -0.30194 0.600246
150 222 0.889362 0.327071 -1.80057 -0.402423 -0.299337 0.59871
175 225 0.9102 0.330935 -1.99048 -0.389674 -0.296835 0.608312
141 464 0.888422 0.818767 -1.59697 -0.397339 -0.294619 0.604418
171 431 0.902997 0.800698 -1.79819 -0.400308 -0.300746 0.59942
194 404 0.903249 0.821184 -1.98992 -0.404167 -0.302935 0.595717
580 -70 -0.132438 -0.507038 -1.59542 -0.399106 0.00197119 0.600592
542 -23 -0.109855 -0.512565 -1.79589 -0.401821 0.00830641 0.598725
515 10 -0.105263 -0.497598 -2.00033 -0.395509 -0.00852767 0.60291
604 176 -0.0975171 -0.0111524 -1.60011 -0.406766 0.000774755 0.595433
564 184 -0.0999096 -0.00279262 -1.8 -0.402454 0.0138609 0.598196
535 187 -0.10332 -0.0235066 -1.99969 -0.398422 -0.0137575 0.600892
628 425 -0.0996792 0.513123 -1.59586 -0.401304 -0.000170297 0.599128
586 393 -0.085984 0.515069 -1.79647 -0.397513 -0.0035404 0.60164
551 368 -0.100298 0.499281 -2.00016 -0.399995 0.00376767 0.599991
332 -39 0.392307 -0.503953 -1.60066 -0.395558 -0.0164643 0.602713
333 2 0.406071 -0.472651 -1.80602 -0.399313 -0.000374635 0.600457
338 29 0.414197 -0.503847 -1.99614 -0.400056 6.11922e-006 0.599963
357 200 0.400152 -0.00833746 -1.59994 -0.402219 0.00203058 0.598511
353 204 0.396216 0.00496174 -1.80083 -0.400211 -0.00294695 0.599852
354 207 0.381132 0.00580364 -2.00367 -0.400054 2.85127e-005 0.599964
384 444 0.414827 0.517107 -1.59076 -0.401301 -0.00134958 0.599129
378 410 0.368211 0.511053 -1.80368 -0.39795 0.00180909 0.601359
371 384 0.414872 0.517193 -1.99258 -0.402393 0.0118044 0.598281
96 -12 0.883327 -0.521075 -1.60256 -0.40175 0.00195833 0.598826
133 21 0.899089 -0.498468 -1.80088 -0.397716 0.00326471 0.601508
161 48 0.873308 -0.532948 -2.00332 -0.39911 0.00170445 0.60059
119 225 0.906118 0.00788271 -1.59652 -0.405937 0.000746882 0.595999
151 223 0.906106 0.0160564 -1.79686 -0.393147 0.00183706 0.60451
175 224 0.900968 0.00452199 -1.99956 -0.397975 0.00928472 0.601273
138 463 0.913467 0.493615 -1.59434 -0.394963 0.0123271 0.603202
171 431 0.900554 0.482985 -1.80436 -0.400641 0.00235256 0.599568
194 401 0.905183 0.503699 -1.99673 -0.413998 0.00517204 0.590406
576 -67 -0.0993863 -0.803868 -1.5981 -0.39343 0.296081 0.606258
540 -23 -0.0977694 -0.794949 -1.80236 -0.393269 0.299742 0.604561
516 11 -0.0823699 -0.81264 -1.9957 -0.398259 0.315186 0.593336
602 177 -0.0980198 -0.299165 -1.60028 -0.399232 0.294348 0.603302
563 181 -0.0885728 -0.294738 -1.80147 -0.400811 0.29831 0.600302
533 187 -0.0730791 -0.28982 -2.00266 -0.400866 0.295655 0.601577
628 424 -0.0809206 0.199798 -1.6011 -0.39542 0.314739 0.595468
584 393 -0.093763 0.171078 -1.80331 -0.405548 0.300366 0.59608
552 368 -0.111214 0.209636 -1.99842 -0.405564 0.310692 0.590752
333 -41 0.412606 -0.811518 -1.59097 -0.398435 0.302358 0.599858
335 0 0.376792 -0.798978 -1.80545 -0.400773 0.301229 0.598867
336 27 0.410842 -0.786984 -2.00296 -0.400694 0.299908 0.599583
356 198 0.418769 -0.312402 -1.59281 -0.396186 0.301794 0.601628
355 206 0.399377 -0.298302 -1.80042 -0.400573 0.296913 0.601152
353 209 0.393577 -0.305128 -2.0005 -0.389993 0.30088 0.606116
381 444 0.397674 0.20077 -1.60048 -0.402509 0.304161 0.596215
378 409 0.381032 0.222181 -1.80151 -0.40838 0.29463 0.597009
373 384 0.397701 0.196136 -2.00084 -0.399751 0.292634 0.603792
93 -11 0.897643 -0.800291 -1.60118 -0.405731 0.295054 0.598603
131 20 0.896725 -0.814269 -1.79523 -0.398019 0.301408 0.600612
159 50 0.864186 -0.804874 -2.01379 -0.403033 0.301582 0.597171
115 224 0.896779 -0.303575 -1.60113 -0.401407 0.296576 0.600762
153 225 0.896645 -0.346845 -1.79324 -0.40557 0.284453 0.603821
176 226 0.887384 -0.299554 -2.0057 -0.408128 0.304038 0.592446
140 466 0.902092 0.195911 -1.59933 -0.392485 0.308249 0.600781
169 429 0.906804 0.199548 -1.79663 -0.387196 0.295621 0.610481
194 400 0.910855 0.206863 -1.99438 -0.399438 0.294989 0.602853
578 -68 -0.475235 -0.188186 -1.60896 0.0120799 -0.297185 0.601278
542 -23 -0.502785 -0.2037 -1.79881 -0.0044573 -0.292185 0.603828
515 9 -0.501416 -0.196741 -1.99997 1.81427e-005 -0.304802 0.597575
606 174 -0.518921 0.289487 -1.59591 -0.00791417 -0.294492 0.602671
565 185 -0.501391 0.302233 -1.79924 0.0127836 -0.291053 0.604255
533 190 -0.509297 0.322894 -1.99408 0.000296317 -0.29769 0.601149
632 421 -0.515882 0.778885 -1.60537 -0.000330404 -0.300501 0.599749
588 390 -0.492997 0.802282 -1.80092 0.00581731 -0.294891 0.602499
555 369 -0.495038 0.803229 -1.99994 -0.00989527 -0.305939 0.596911
335 -42 -0.00574099 -0.206013 -1.59923 -0.000694157 -0.29767 0.601159
335 0 -0.0295542 -0.223955 -1.79693 -0.000507859 -0.313879 0.592857
336 31 -0.00772392 -0.198497 -2.00013 0.000194474 -0.300565 0.599717
359 200 0.00237325 0.300417 -1.59992 -0.000328838 -0.300516 0.599742
354 206 0.0219167 0.294672 -1.80075 0.00634687 -0.306329 0.59676
356 207 -0.0101756 0.307459 -1.99884 0.00616567 -0.30617 0.596843
380 444 0.000582613 0.803929 -1.59803 -0.00287212 -0.298551 0.600716
374 408 0.00720065 0.77747 -1.80983 -0.00336852 -0.298671 0.600653
374 386 -0.038334 0.814638 -1.99371 -0.00952971 -0.304478 0.597664
93 -12 0.498981 -0.19496 -1.60094 -0.00315152 -0.298948 0.600517
132 23 0.499512 -0.218204 -1.79802 -0.00243408 -0.298914 0.600537
159 49 0.501935 -0.203388 -1.99917 -0.00289205 -0.287841 0.60592
118 223 0.499098 0.317986 -1.5968 0.0048239 -0.30107 0.599445
152 226 0.498495 0.298933 -1.80059 0.00338159 -0.296598 0.60168
179 224 0.494045 0.313052 -1.99948 -0.00126524 -0.29898 0.600507
140 467 0.495794 0.810773 -1.59588 0.00628863 -0.300076 0.599929
171 427 0.50371 0.781405 -1.80712 -0.00924836 -0.295664 0.602078
196 400 0.497261 0.787547 -2.00562 -0.000884737 -0.299851 0.600074
578 -69 -0.496703 -0.508464 -1.59836 -0.00175096 0.00167964 0.599995
543 -23 -0.499438 -0.494724 -1.80161 -0.00016026 -5.03837e-005 0.6
517 10 -0.523748 -0.471168 -2.00092 -0.0040637 0.0076609 0.599937
604 173 -0.505883 -0.00313665 -1.59815 -0.000189295 -0.00680752 0.599961
562 183 -0.49749 0.0164301 -1.80062 -0.00427463 0.00910345 0.599916
532 189 -0.484422 -0.0436856 -2.00335 -0.00109459 -0.00694091 0.599959
631 423 -0.504589 0.500825 -1.5983 -0.0049055 -0.00447556 0.599963
586 391 -0.485727 0.516857 -1.79915 0.00641321 -0.00235359 0.599961
551 370 -0.499859 0.460911 -2.0094 0.00240955 -0.00467404 0.599977
333 -41 0.0144909 -0.483313 -1.60505 -0.000962755 -0.000236643 0.599999
337 -2 0.00321406 -0.512256 -1.79655 -0.00536363 0.0108112 0.599879
337 28 0.000255176 -0.500252 -1.99994 0.00573745 0.0039468 0.59996
358 200 -8.40147e-005 -0.0039701 -1.6 -0.00791402 -0.0037388 0.599936
353 204 -0.0154648 0.0292126 -1.7997 0.000210176 -0.00128501 0.599999
355 205 0.0223098 -0.0282715 -1.99968 0.00561829 -0.0060905 0.599943
381 444 0.0100298 0.49486 -1.60157 -0.000144666 0.00192856 0.599997
375 410 0.0121452 0.470302 -1.80795 -0.00658533 -0.00797488 0.599911
371 385 -0.0113326 0.470132 -2.0072 0.00243149 0.00648768 0.59996
93 -14 0.508778 -0.519056 -1.59114 0.00198649 -0.00837895 0.599938
133 24 0.489225 -0.499205 -1.80318 -0.00145689 0.00780844 0.599947
159 49 0.497933 -0.498882 -2.00079 0.00686579 -0.0107856 0.599864
117 225 0.512879 0.0104907 -1.59588 -0.00641373 -0.00330132 0.599957
154 226 0.512802 0.0173116 -1.79631 0.00198475 0.00172784 0.599994
175 227 0.495429 -0.0369373 -2.0008 0.00202808 -0.00841453 0.599938
141 464 0.499906 0.49996 -1.60004 -0.00981043 0.00728394 0.599876
173 429 0.4962 0.504094 -1.79991 -0.0051844 0.000415601 0.599977
194 400 0.499502 0.476779 -2.00579 -0.000193163 -0.00388731 0.599987
580 -69 -0.508828 -0.809436 -1.59245 0.00303232 0.310335 0.594712
544 -25 -0.508097 -0.800041 -1.79771 -0.00421137 0.300591 0.599689
516 10 -0.500117 -0.784697 -2.00602 -0.000208834 0.298229 0.600882
605 175 -0.479945 -0.292113 -1.60758 -0.000155508 0.300498 0.599751
565 185 -0.514781 -0.311845 -1.79381 0.0150466 0.303638 0.597978
533 191 -0.499976 -0.299991 -2.00001 -0.00283888 0.297006 0.601481
630 423 -0.500516 0.199207 -1.59994 0.00350456 0.299241 0.600369
586 392 -0.487465 0.22965 -1.7999 0.00727421 0.301671 0.599118
553 369 -0.487123 0.154015 -2.00723 0.00145218 0.300782 0.599606
335 -41 0.00141014 -0.804597 -1.59769 -0.00148345 0.307313 0.596286
337 -1 0.00262396 -0.806691 -1.79701 0.00679385 0.299964 0.59998
338 28 0.00309902 -0.774417 -2.01004 0.00296994 0.296041 0.601956
359 200 0.00894431 -0.307579 -1.59854 0.00397745 0.294743 0.602587
353 203 -0.00591034 -0.343866 -1.79213 -0.00338928 0.301811 0.599082
354 207 -0.000203789 -0.300493 -1.99993 0.0110731 0.295603 0.602077
384 444 0.0012511 0.193757 -1.60077 0.00447663 0.299659 0.600154
378 409 -0.0177379 0.218464 -1.79777 -0.00162365 0.297838 0.601074
370 384 0.0281293 0.220484 -1.99765 -0.00886888 0.30042 0.599724
96 -12 0.497204 -0.803301 -1.59922 -0.00323869 0.291236 0.604294
133 20 0.497339 -0.802879 -1.79946 -0.00906147 0.290849 0.604421
160 48 0.489815 -0.761793 -2.01736 -0.00681008 0.30119 0.599365
115 226 0.513601 -0.31287 -1.59321 0.00016838 0.300227 0.599886
152 224 0.491113 -0.269757 -1.80722 -0.00309335 0.304977 0.597478
177 226 0.490823 -0.28575 -2.00436 -0.00906867 0.310941 0.594334
141 465 0.485851 0.175177 -1.60725 -0.0039669 0.302227 0.598868
169 428 0.508954 0.18082 -1.79952 -0.00632495 0.298609 0.60066
196 403 0.50203 0.202255 -1.99926 0.000659802 0.29963 0.600185
577 -69 -0.896199 -0.240487 -1.59656 0.397662 -0.296715 0.603179
544 -22 -0.897411 -0.205177 -1.80071 0.401305 -0.309548 0.594251
516 12 -0.908563 -0.203197 -1.9958 0.403817 -0.29816 0.598358
604 175 -0.899122 0.315152 -1.59758 0.392002 -0.296872 0.606796
562 183 -0.902369 0.301 -1.79865 0.405659 -0.300801 0.595785
532 188 -0.90015 0.267393 -2.00455 0.400145 -0.308324 0.595668
632 423 -0.928673 0.778078 -1.59442 0.385398 -0.307094 0.605939
585 391 -0.915375 0.815086 -1.78542 0.392715 -0.285855 0.611606
553 368 -0.882459 0.801929 -2.00703 0.400739 -0.308211 0.595327
332 -40 -0.398492 -0.210405 -1.59904 0.39495 -0.294923 0.605834
335 0 -0.423014 -0.200639 -1.79466 0.389101 -0.292428 0.610808
335 28 -0.393269 -0.199682 -2.00137 0.39078 -0.288482 0.611612
356 198 -0.401821 0.296803 -1.60014 0.410871 -0.289641 0.59774
357 204 -0.398881 0.295114 -1.80106 0.399786 -0.30412 0.598065
353 206 -0.378718 0.308685 -2.00282 0.396283 -0.306307 0.599279
380 444 -0.381781 0.830872 -1.58868 0.410329 -0.298421 0.593781
378 411 -0.399938 0.807593 -1.79662 0.403116 -0.300353 0.597734
372 388 -0.409147 0.793975 -2.00055 0.390735 -0.305739 0.6032
94 -14 0.0676473 -0.194663 -1.60235 0.398491 -0.294582 0.603677
131 22 0.127554 -0.181253 -1.80024 0.399729 -0.30053 0.599915
161 50 0.0667815 -0.191538 -2.00221 0.399096 -0.3024 0.599397
117 226 0.132865 0.284058 -1.60052 0.401241 -0.295703 0.601303
150 222 0.100067 0.29457 -1.80089 0.395086 -0.301296 0.602601
176 225 0.0977668 0.304477 -1.99943 0.40064 -0.302737 0.598196
140 467 0.100131 0.797411 -1.60128 0.398944 -0.303311 0.599038
172 427 0.116366 0.802876 -1.79773 0.400199 -0.299769 0.599983
193 400 0.0823681 0.820525 -1.99247 0.395734 -0.303994 0.600818
577 -71 -0.895154 -0.51023 -1.59949 0.409955 0.00225832 0.593239
544 -23 -0.898371 -0.500977 -1.80054 0.398419 -0.000466537 0.601051
515 11 -0.867597 -0.513692 -2.01082 0.402323 -0.00409844 0.598431
602 176 -0.895763 -0.0218345 -1.60223 0.394911 -0.000943621 0.603361
563 183 -0.891118 -0.00598518 -1.8044 0.400077 -0.000938182 0.599948
533 188 -0.885854 -0.0384861 -2.00594 0.406461 -0.00877157 0.595578
630 425 -0.91833 0.51627 -1.58434 0.400014 -4.3443e-005 0.599991
585 391 -0.893176 0.51611 -1.79885 0.404699 0.00490325 0.59682
552 371 -0.913056 0.510167 -1.9915 0.399239 0.010051 0.600422
331 -40 -0.403869 -0.505827 -1.59719 0.400085 0.00369357 0.599932
333 2 -0.417806 -0.474715 -1.8028 0.399374 0.00283114 0.600411
334 29 -0.395531 -0.455098 -2.01158 0.401489 0.00017135 0.599005
359 198 -0.40963 -0.00204941 -1.59756 0.399903 0.0111156 0.599962
354 203 -0.375215 -0.00448987 -1.80532 0.40651 -0.0138836 0.595447
356 209 -0.422407 0.000443489 -1.99539 0.396542 -0.00095337 0.60229
384 444 -0.384773 0.482257 -1.60915 0.405724 0.00719982 0.596101
376 411 -0.396611 0.481085 -1.80589 0.399128 -0.00212576 0.600577
372 387 -0.392528 0.505658 -2.00006 0.403776 -0.00109587 0.597464
95 -14 0.102676 -0.501919 -1.59923 0.395843 0.00704802 0.602709
131 24 0.0739979 -0.490983 -1.80374 0.397896 0.0127864 0.601261
161 50 0.107491 -0.493196 -2.0013 0.400172 -6.00958e-005 0.599885
115 225 0.123626 0.00899284 -1.59832 0.403772 0.00638129 0.597434
151 222 0.0755139 0.0314892 -1.80092 0.400107 0.000861846 0.599928
177 224 0.09826 0.0173263 -2.00001 0.393507 -0.0107983 0.604182
139 465 0.112256 0.534886 -1.58786 0.400352 -0.00130192 0.599764
169 429 0.0994219 0.501573 -1.79959 0.398906 0.00218281 0.600724
194 404 0.091496 0.522831 -1.99456 0.399919 0.000727137 0.600054
579 -69 -0.895704 -0.815 -1.59483 0.404307 0.287333 0.603304
542 -23 -0.884836 -0.798032 -1.80837 0.401391 0.296609 0.600756
513 9 -0.90227 -0.802217 -1.99809 0.40211 0.289485 0.603743
606 176 -0.894989 -0.286068 -1.60535 0.400499 0.297867 0.600729
566 183 -0.907483 -0.315895 -1.79351 0.41175 0.300883 0.59155
532 189 -0.901705 -0.287446 -2.00108 0.387381 0.303365 0.606552
630 423 -0.885063 0.195221 -1.6089 0.401188 0.302332 0.598033
588 392 -0.894728 0.21236 -1.80121 0.403019 0.291965 0.60194
551 369 -0.899652 0.20128 -2.00003 0.401471 0.301368 0.59833
333 -41 -0.427634 -0.780992 -1.60224 0.396806 0.298929 0.60265
337 0 -0.397883 -0.805389 -1.79807 0.407041 0.302153 0.594156
338 27 -0.404224 -0.818656 -1.99158 0.400929 0.303094 0.597821
357 199 -0.386456 -0.309706 -1.60148 0.392582 0.299151 0.6053
354 203 -0.410308 -0.311447 -1.79573 0.402101 0.29196 0.602557
353 209 -0.39295 -0.304128 -2.00077 0.394261 0.300022 0.603776
381 443 -0.408027 0.208357 -1.5969 0.397297 0.2972 0.603181
377 408 -0.402789 0.203797 -1.79895 0.40518 0.29891 0.597061
374 386 -0.386207 0.202843 -2.00242 0.396938 0.306091 0.598956
96 -15 0.0999823 -0.799627 -1.60019 0.399438 0.30156 0.599592
134 21 0.105064 -0.806728 -1.79671 0.398347 0.301292 0.600452
159 50 0.104123 -0.800641 -1.99953 0.400269 0.295904 0.601852
115 223 0.0917045 -0.292702 -1.60185 0.392698 0.303529 0.603041
152 224 0.101208 -0.278618 -1.80337 0.401874 0.300733 0.598379
175 227 0.0582048 -0.312297 -1.99977 0.402881 0.296683 0.599721
140 464 0.0971314 0.198907 -1.60031 0.395287 0.299323 0.603452
173 431 0.122275 0.18818 -1.7999 0.398031 0.296971 0.60281
194 402 0.0939837 0.205805 -1.9997 0.409862 0.301009 0.592796
578 -69 -0.111459 -0.186346 -1.90075 -0.410657 -0.295467 0.896694
540 -25 -0.0881292 -0.196669 -2.10085 -0.397038 -0.300347 0.901195
514 10 -0.0925188 -0.255459 -2.29482 -0.403555 -0.295092 0.900035
604 174 -0.089467 0.314197 -1.89823 -0.397086 -0.319311 0.89463
566 184 -0.092123 0.322471 -2.09703 -0.394144 -0.306571 0.900369
534 189 -0.0960562 0.325723 -2.29667 -0.408904 -0.302478 0.895156
630 423 -0.123368 0.834748 -1.88361 -0.398773 -0.306621 0.898312
584 393 -0.125048 0.812926 -2.09368 -0.415992 -0.314874 0.887584
553 371 -0.140293 0.820394 -2.29069 -0.408581 -0.287059 0.900366
331 -39 0.415859 -0.238347 -1.89216 -0.398163 -0.306371 0.898667
337 0 0.40516 -0.202806 -2.09874 -0.397118 -0.305771 0.899334
338 31 0.381037 -0.172867 -2.30541 -0.412489 -0.280516 0.900646
356 199 0.394537 0.312119 -1.89919 -0.404034 -0.289789 0.901542
355 204 0.418828 0.300724 -2.09622 -0.397991 -0.31773 0.894791
356 207 0.395626 0.315004 -2.29875 -0.395304 -0.302288 0.901308
381 442 0.411222 0.798894 -1.89807 -0.393986 -0.303644 0.90143
375 411 0.409748 0.827963 -2.08724 -0.413568 -0.291036 0.896805
373 384 0.404833 0.813395 -2.29445 -0.408157 -0.295307 0.897887
95 -14 0.911191 -0.201885 -1.89446 -0.388265 -0.296935 0.906135
135 22 0.890305 -0.170155 -2.10675 -0.400489 -0.297762 0.900526
161 50 0.888364 -0.188749 -2.30547 -0.397222 -0.317363 0.895263
118 225 0.884329 0.304249 -1.90667 -0.391574 -0.301359 0.903246
151 223 0.895469 0.302553 -2.10157 -0.408678 -0.293173 0.898349
177 224 0.900396 0.29848 -2.30004 -0.406928 -0.296137 0.898172
141 465 0.876024 0.824496 -1.90073 -0.405205 -0.293738 0.899737
171 428 0.947065 0.78274 -2.08576 -0.403295 -0.303062 0.8975
194 402 0.858382 0.784594 -2.32112 -0.400639 -0.303205 0.898641
580 -69 -0.0829859 -0.466401 -1.90934 -0.388744 -0.00295769 0.904914
542 -21 -0.127731 -0.474327 -2.10445 -0.405139 0.00177848 0.897697
517 11 -0.081484 -0.52087 -2.2961 -0.397463 0.0136188 0.90102
606 174 -0.121276 -0.00418844 -1.89876 -0.402642 -0.00192543 0.898819
562 181 -0.0816467 -0.0230562 -2.10067 -0.400718 -0.00144048 0.899679
533 190 -0.0960807 -0.031507 -2.29995 -0.400342 -0.00358756 0.899841
628 422 -0.109567 0.501278 -1.89914 -0.398862 -0.00617491 0.900484
584 392 -0.0543391 0.471072 -2.10835 -0.400172 -7.27073e-005 0.899924
554 369 -0.101322 0.497857 -2.30041 -0.399785 -0.000373784 0.900095
331 -39 0.403312 -0.536982 -1.88918 -0.399993 -0.00357833 0.899996
334 2 0.399967 -0.503437 -2.09918 -0.39139 -0.00698957 0.90375
336 27 0.43436 -0.508562 -2.29188 -0.406658 0.0179783 0.896831
357 202 0.391842 0.00627706 -1.90169 -0.401748 0.00254268 0.899217
354 203 0.402382 0.00632571 -2.09954 -0.398835 -0.003879 0.900509
352 208 0.376214 0.0268067 -2.30385 -0.404277 0.000395168 0.898087
384 444 0.393243 0.495796 -1.90251 -0.404719 0.000903442 0.897887
377 412 0.391172 0.534938 -2.09304 -0.405758 0.00492144 0.897405
372 386 0.439111 0.507402 -2.29123 -0.415024 0.00976143 0.893118
97 -15 0.897387 -0.50069 -1.90105 -0.397378 0.00504654 0.901146
134 22 0.895622 -0.500695 -2.10171 -0.387375 -0.000809413 0.905505
161 49 0.885769 -0.553651 -2.29323 -0.398672 -0.000943285 0.900589
118 225 0.902095 -0.00258219 -1.899 -0.398965 -0.0138959 0.900352
153 225 0.924723 0.0408733 -2.08883 -0.395789 -0.00213757 0.901857
176 225 0.904545 0.0139994 -2.29817 -0.399645 -0.0192631 0.899951
139 467 0.882449 0.508573 -1.90595 -0.399947 0.000182543 0.900023
173 431 0.917045 0.515386 -2.08888 -0.397786 -0.00487657 0.900967
194 401 0.896828 0.504937 -2.30016 -0.412404 0.0186544 0.89419
578 -68 -0.0926762 -0.841464 -1.88238 -0.406076 0.290094 0.900527
541 -23 -0.147664 -0.782742 -2.10369 -0.379803 0.29608 0.909992
514 12 -0.0867028 -0.809759 -2.29712 -0.392508 0.317757 0.8972
603 175 -0.106132 -0.299103 -1.89981 -0.402267 0.300691 0.898758
564 183 -0.10648 -0.29529 -2.10035 -0.399983 0.300007 0.900005
533 191 -0.0633554 -0.255195 -2.3067 -0.393697 0.288574 0.906492
628 425 -0.103086 0.203109 -1.89951 -0.399212 0.305356 0.898547
584 392 -0.0921857 0.195484 -2.10078 -0.398267 0.289905 0.904068
554 370 -0.10828 0.183035 -2.30104 -0.395066 0.281896 0.907996
332 -40 0.405041 -0.809891 -1.89473 -0.402235 0.298282 0.899575
337 0 0.393583 -0.797669 -2.1021 -0.393935 0.280621 0.908882
336 29 0.434318 -0.771512 -2.30351 -0.383389 0.298762 0.907609
355 198 0.371097 -0.317548 -1.90301 -0.393025 0.303079 0.902039
353 203 0.397795 -0.301105 -2.10026 -0.402104 0.300587 0.898866
353 207 0.399862 -0.305786 -2.29926 -0.403694 0.320458 0.891257
381 444 0.403538 0.196542 -1.89961 -0.400489 0.290185 0.902996
378 411 0.386481 0.207867 -2.10177 -0.401453 0.301359 0.898898
374 386 0.390688 0.227459 -2.29905 -0.387426 0.287491 0.909533
97 -15 0.873161 -0.818695 -1.90455 -0.399836 0.306979 0.897717
134 23 0.90599 -0.804705 -2.09562 -0.404349 0.303279 0.896952
160 48 0.907944 -0.795374 -2.29848 -0.402695 0.304043 0.897438
115 224 0.896091 -0.310685 -1.90013 -0.399395 0.308472 0.897401
150 223 0.897729 -0.296053 -2.10153 -0.387377 0.298942 0.905855
175 226 0.903684 -0.288739 -2.3 -0.399623 0.295876 0.901531
138 466 0.905363 0.190822 -1.8984 -0.400527 0.299261 0.900012
173 429 0.941248 0.203698 -2.08148 -0.394366 0.306302 0.900364
194 402 0.893842 0.191629 -2.30311 -0.395988 0.298846 0.902156
576 -69 -0.506298 -0.2053 -1.89777 -4.66359e-005 -0.303082 0.898967
542 -22 -0.483727 -0.214541 -2.10237 -0.00239115 -0.290753 0.903027
513 12 -0.50848 -0.215691 -2.29672 -0.00604177 -0.301411 0.899508
606 176 -0.474815 0.33549 -1.90053 -0.00164837 -0.299357 0.900212
562 181 -0.517731 0.288609 -2.0973 -0.00504151 -0.306864 0.897669
532 190 -0.500186 0.297986 -2.30022 0.000661545 -0.284302 0.905081
630 423 -0.504975 0.805916 -1.89618 0.000396423 -0.300066 0.899978
586 392 -0.502374 0.793196 -2.10201 0.00081038 -0.286396 0.904421
552 369 -0.473545 0.780623 -2.31222 0.00675012 -0.298691 0.90041
332 -42 -0.0143601 -0.197965 -1.90016 -0.000256308 -0.303574 0.898801
336 2 0.0327572 -0.205784 -2.09919 0.0052882 -0.303175 0.89892
336 29 0.000430857 -0.202402 -2.29979 0.00633455 -0.303432 0.898827
356 200 -0.00464904 0.293028 -1.90108 -0.000541449 -0.308893 0.896986
355 205 0.00664356 0.303964 -2.09942 0.0079821 -0.288594 0.903687
352 206 0.00637654 0.305316 -2.29929 -0.00779227 -0.295814 0.901351
381 444 -0.000712648 0.79979 -1.90009 -8.94776e-006 -0.299924 0.900025
377 409 -0.0260596 0.803371 -2.09855 -0.00318637 -0.296255 0.901234
370 384 -0.0061145 0.800472 -2.29983 -0.00180526 -0.283871 0.905215
96 -11 0.494977 -0.194153 -1.90192 0.00163609 -0.294431 0.901836
132 22 0.500721 -0.203379 -2.0995 0.00144914 -0.297425 0.900853
161 51 0.496275 -0.212097 -2.29972 -0.00909891 -0.299319 0.900181
117 223 0.498054 0.297714 -1.90087 -0.00978376 -0.293728 0.902013
151 226 0.501671 0.270781 -2.10357 -6.4104e-005 -0.292837 0.902356
178 225 0.452114 0.311492 -2.30837 -0.0191207 -0.297937 0.900482
140 465 0.493523 0.80607 -1.89913 -0.00377451 -0.292701 0.902392
173 429 0.519244 0.810853 -2.09115 -0.00869723 -0.304917 0.898304
195 401 0.494212 0.797635 -2.30207 -0.0138838 -0.29867 0.900335
579 -68 -0.480514 -0.498773 -1.90534 -0.000848419 -0.00656113 0.899976
543 -23 -0.464081 -0.524413 -2.10229 -0.000888308 -0.0168519 0.899842
516 11 -0.508578 -0.504902 -2.29705 0.0134564 0.00572696 0.899881
604 176 -0.483982 -0.00280501 -1.90414 -1.23582e-005 -0.00327963 0.899994
565 185 -0.499898 8.18158e-005 -2.10002 -0.000171393 -0.00382981 0.899992
534 189 -0.499107 -0.00575481 -2.30019 0.00212005 -0.00875446 0.899955
630 423 -0.494462 0.499627 -1.90155 0.00220548 0.00679144 0.899972
587 391 -0.501252 0.51162 -2.0969 0.00310081 0.0017178 0.899993
553 369 -0.512521 0.500982 -2.29703 0.0107839 -0.00714141 0.899907
333 -43 0.0122701 -0.477457 -1.90575 -0.00104676 0.00226585 0.899997
336 1 -0.0272272 -0.476975 -2.10517 0.0150132 -0.00275777 0.899871
338 31 -0.000305293 -0.500025 -2.29999 0.000391293 0.00935161 0.899951
355 200 -0.00205249 0.00219027 -1.9 -0.00537576 -0.00151456 0.899983
357 204 -0.0128011 0.0452829 -2.09947 0.00594416 0.00450888 0.899969
352 209 -0.00347951 -0.00175097 -2.3 -0.00354583 -0.0121615 0.899911
380 444 0.0312466 0.498219 -1.90021 0.000905322 -0.000578957 0.899999
377 408 0.0183532 0.460649 -2.1089 0.00927853 0.0100201 0.899896
373 387 0.00382894 0.539791 -2.29098 -0.00510832 -0.0131466 0.899889
95 -15 0.502568 -0.505533 -1.89786 -5.35496e-005 -0.00142076 0.899999
133 21 0.504374 -0.489801 -2.10136 0.00936757 -0.00203593 0.899949
161 49 0.500469 -0.505609 -2.29867 0.00217313 0.00561007 0.89998
118 224 0.489703 0.00820743 -1.90266 0.00925976 0.00189431 0.89995
151 225 0.488554 -0.00918602 -2.10267 0.00586975 -0.00635505 0.899958
178 227 0.499779 0.0280339 -2.29988 0.00419492 0.00392632 0.899982
140 463 0.502176 0.4853 -1.90323 -0.000852828 -0.00817292 0.899962
170 429 0.502789 0.511711 -2.09651 0.00809321 -0.00137492 0.899963
194 400 0.49315 0.493715 -2.30283 0.000467936 -0.0134015 0.8999
578 -71 -0.498258 -0.799665 -1.9006 -0.00598645 0.298959 0.900327
542 -23 -0.527375 -0.762686 -2.10717 -0.00240777 0.306539 0.89779
514 12 -0.502693 -0.84131 -2.28462 -0.00148273 0.29251 0.902461
603 175 -0.470554 -0.303189 -1.907 0.00572229 0.310982 0.896246
563 183 -0.496274 -0.296992 -2.10131 0.00175157 0.297846 0.900713
535 191 -0.48273 -0.301167 -2.30353 -0.00816888 0.298394 0.900497
628 423 -0.468914 0.193421 -1.90859 -0.00729656 0.304507 0.898455
585 392 -0.500161 0.160354 -2.10336 -0.0147373 0.292631 0.902303
552 369 -0.513649 0.166132 -2.29969 0.00586419 0.293609 0.902086
333 -41 -0.0126486 -0.79806 -1.90077 -0.00896435 0.313749 0.895255
334 2 0.0350419 -0.808698 -2.09637 0.00245007 0.2981 0.900628
336 28 -0.0138401 -0.810771 -2.29618 0.00505355 0.29447 0.90181
357 199 -0.00283364 -0.302578 -1.89959 -0.000699927 0.297217 0.900923
355 206 0.0208817 -0.316239 -2.09751 0.00889143 0.294613 0.901734
355 207 -0.00579245 -0.309289 -2.29876 -0.00228526 0.29755 0.90081
382 444 -0.0043253 0.151769 -1.90445 -0.00180109 0.300314 0.899894
374 408 0.0102089 0.198321 -2.10013 0.0147088 0.303647 0.898656
372 384 -0.00982157 0.208474 -2.29923 0.00372328 0.308516 0.897109
93 -15 0.507558 -0.82165 -1.88872 -0.00195488 0.307672 0.897404
131 23 0.515465 -0.757339 -2.11205 -0.000140347 0.300306 0.899898
162 50 0.503085 -0.799861 -2.29938 -0.00234644 0.311985 0.895913
119 225 0.50181 -0.307515 -1.89832 -0.000536548 0.301794 0.8994
152 225 0.497494 -0.255 -2.10653 -0.00844875 0.304034 0.898605
179 224 0.500909 -0.300099 -2.29979 -0.000925057 0.299724 0.900091
142 464 0.496986 0.184617 -1.90235 -0.00755896 0.300751 0.899718
173 429 0.519471 0.20674 -2.09461 0.00915692 0.313814 0.89523
195 401 0.499516 0.169029 -2.30259 -0.00140486 0.311391 0.896121
580 -68 -0.890129 -0.215211 -1.90299 0.397764 -0.302254 0.900237
541 -24 -0.870045 -0.198206 -2.11276 0.401824 -0.297637 0.899972
516 10 -0.919258 -0.207362 -2.29172 0.400127 -0.299949 0.899961
604 173 -0.886585 0.284772 -1.90863 0.405043 -0.290671 0.900805
566 185 -0.906345 0.298831 -2.09744 0.405801 -0.306998 0.895029
535 189 -0.88706 0.248551 -2.31114 0.408146 -0.307089 0.893931
632 423 -0.903665 0.794583 -1.90053 0.417255 -0.281598 0.898109
584 390 -0.899713 0.799956 -2.10014 0.39198 -0.309996 0.900141
551 368 -0.86895 0.841203 -2.29724 0.398116 -0.299397 0.901035
333 -42 -0.398874 -0.1875 -1.90151 0.401624 -0.298229 0.899866
335 -2 -0.376225 -0.192397 -2.1051 0.404981 -0.290034 0.901038
335 29 -0.416961 -0.217419 -2.2954 0.393939 -0.304476 0.90117
357 199 -0.407578 0.304007 -1.89775 0.410597 -0.306098 0.893148
355 206 -0.369774 0.287964 -2.10721 0.394251 -0.299204 0.902797
355 207 -0.40061 0.281689 -2.30221 0.393139 -0.314031 0.898235
382 444 -0.396278 0.794686 -1.90301 0.409766 -0.319644 0.888774
375 412 -0.387723 0.784772 -2.10803 0.394486 -0.320409 0.895388
370 388 -0.373654 0.846421 -2.28778 0.404693 -0.296098 0.899194
94 -13 0.112829 -0.198511 -1.89944 0.392676 -0.300012 0.903215
132 22 0.101678 -0.199379 -2.09998 0.396873 -0.305375 0.899577
159 50 0.0611574 -0.194161 -2.30186 0.393588 -0.288611 0.906528
119 225 0.0726523 0.309751 -1.89968 0.393736 -0.306708 0.900501
154 223 0.0930209 0.312079 -2.09856 0.409015 -0.29919 0.89621
175 223 0.130868 0.333125 -2.29388 0.401098 -0.292954 0.90183
140 465 0.0913119 0.790323 -1.90448 0.389395 -0.286373 0.909045
172 431 0.0874833 0.779143 -2.10838 0.398114 -0.303079 0.899805
193 403 0.0893158 0.802635 -2.29952 0.398298 -0.297274 0.901658
578 -70 -0.883672 -0.512397 -1.90436 0.403433 0.0176125 0.898294
542 -25 -0.901577 -0.496199 -2.10023 0.392259 -0.00445958 0.90339
514 12 -0.895843 -0.506147 -2.30028 0.388632 0.0119109 0.904888
604 176 -0.914386 0.0306154 -1.89287 0.398296 -0.0041733 0.900746
564 184 -0.882582 0.00772509 -2.10737 0.405108 -0.00316498 0.897707
533 187 -0.894655 -0.00932127 -2.30207 0.40037 -0.000543457 0.899835
630 422 -0.891499 0.511196 -1.90103 0.398138 -0.00558136 0.900808
586 393 -0.895847 0.492815 -2.10347 0.400542 -0.000432378 0.899759
553 368 -0.895337 0.492356 -2.30347 0.391043 0.00287686 0.903923
331 -41 -0.402664 -0.521705 -1.89359 0.415112 0.00157117 0.893129
335 1 -0.403427 -0.499735 -2.09941 0.405164 0.0123242 0.897603
337 29 -0.390919 -0.503318 -2.30084 0.396827 -0.00280007 0.901399
357 198 -0.415208 -0.00491523 -1.89673 0.396726 0.00012824 0.901448
357 202 -0.40127 -0.00393695 -2.09975 0.402067 -0.008606 0.899037
354 209 -0.404756 -0.00271977 -2.29917 0.39975 -0.000860432 0.90011
382 442 -0.401458 0.495708 -1.90082 0.399997 -4.47739e-005 0.900002
376 410 -0.387236 0.478922 -2.10729 0.398458 0.000373546 0.900684
374 384 -0.387777 0.485089 -2.30528 0.399383 -0.00148422 0.900273
93 -14 0.121152 -0.471308 -1.90609 0.404919 0.0224944 0.897516
135 24 0.0964342 -0.474065 -2.10617 0.392735 -0.00374136 0.903186
161 51 0.102315 -0.50139 -2.2996 0.400254 -0.000100542 0.899887
115 226 0.109659 -0.00507179 -1.89946 0.381386 0.00417503 0.908035
154 224 0.112474 0.00368117 -2.09937 0.409969 -0.0152539 0.895373
175 224 0.097452 0.00709849 -2.3001 0.400262 -0.00363712 0.899876
142 463 0.11952 0.504957 -1.89756 0.398748 0.00326384 0.900549
173 431 0.0942709 0.474932 -2.10608 0.399533 0.00105678 0.900207
194 403 0.0854846 0.471781 -2.30654 0.400422 0.00386376 0.899804
578 -71 -0.891801 -0.790285 -1.90791 0.400094 0.298628 0.900414
544 -25 -0.885655 -0.802433 -2.10516 0.385037 0.312813 0.902161
517 11 -0.956686 -0.809613 -2.2736 0.416719 0.294134 0.894332
603 174 -0.900874 -0.298695 -1.89979 0.406077 0.285386 0.902029
564 185 -0.877383 -0.274758 -2.11299 0.396605 0.311744 0.897508
536 190 -0.895586 -0.304951 -2.30107 0.400284 0.299442 0.900059
631 425 -0.894879 0.20372 -1.90202 0.406855 0.305346 0.895116
586 390 -0.895884 0.190104 -2.10268 0.409467 0.28983 0.899074
552 370 -0.865838 0.204705 -2.31267 0.39468 0.285227 0.907124
334 -42 -0.396285 -0.796191 -1.90238 0.401743 0.303711 0.897977
333 2 -0.409729 -0.806591 -2.0956 0.413534 0.288701 0.897575
335 30 -0.400235 -0.802364 -2.29914 0.391316 0.315673 0.898455
357 198 -0.445862 -0.297289 -1.89019 0.399915 0.300386 0.899909
354 205 -0.409903 -0.290342 -2.09945 0.393436 0.297932 0.903573
356 207 -0.402068 -0.296832 -2.30005 0.407059 0.308587 0.893911
382 444 -0.410764 0.185704 -1.89915 0.390777 0.283905 0.909226
374 408 -0.395568 0.22472 -2.09834 0.387516 0.317668 0.899399
370 385 -0.397873 0.202355 -2.30016 0.379155 0.308293 0.906199
95 -11 0.0959203 -0.829198 -1.88765 0.395598 0.297346 0.902822
133 20 0.119091 -0.797603 -2.09992 0.410734 0.29717 0.896096
161 49 0.0908026 -0.77956 -2.30739 0.404733 0.297613 0.898675
117 225 0.0955392 -0.301061 -1.90006 0.399952 0.299957 0.900036
150 222 0.105413 -0.298112 -2.1 0.408209 0.297922 0.896999
177 224 0.102046 -0.322396 -2.29688 0.397691 0.303512 0.899846
142 465 0.119258 0.239134 -1.89436 0.398427 0.292035 0.903311
169 430 0.105806 0.22269 -2.09743 0.400191 0.294401 0.901762
192 404 0.112156 0.238272 -2.29579 0.404933 0.306976 0.89543
576 -71 -0.121438 -0.224704 -2.19653 -0.397094 -0.308868 1.19871
543 -23 -0.0995261 -0.213397 -2.39887 -0.399219 -0.302166 1.19972
517 9 -0.0998894 -0.199851 -2.60002 -0.393781 -0.318586 1.19726
603 175 -0.117133 0.309817 -2.19779 -0.38631 -0.290321 1.20685
563 183 -0.115515 0.320273 -2.39668 -0.420318 -0.305924 1.19153
532 187 -0.0926087 0.267057 -2.60386 -0.401483 -0.300005 1.1995
631 423 -0.0973615 0.76099 -2.21391 -0.399855 -0.299773 1.20011
588 391 -0.0938969 0.849419 -2.38321 -0.40042 -0.301264 1.19954
552 369 -0.0967262 0.772061 -2.60856 -0.414896 -0.28715 1.19808
332 -40 0.365819 -0.221662 -2.20387 -0.391124 -0.303389 1.20207
334 2 0.391775 -0.251363 -2.39652 -0.398574 -0.302499 1.19985
336 29 0.40001 -0.198555 -2.60011 -0.403682 -0.29549 1.19989
356 198 0.400774 0.298824 -2.20002 -0.402638 -0.285696 1.20261
355 206 0.40399 0.267055 -2.40322 -0.397336 -0.277255 1.20634
353 207 0.405256 0.305821 -2.59851 -0.393858 -0.299419 1.20217
382 443 0.370975 0.774717 -2.21409 -0.399922 -0.299653 1.20011
378 409 0.417038 0.806006 -2.39509 -0.399385 -0.300681 1.20003
371 385 0.389978 0.809842 -2.59848 -0.395791 -0.301092 1.20112
97 -11 0.904214 -0.200155 -2.19826 -0.39827 -0.299114 1.2008
134 20 0.924608 -0.204443 -2.39025 -0.400703 -0.274585 1.20584
163 49 0.901336 -0.200665 -2.59949 -0.410782 -0.296352 1.19726
116 224 0.900455 0.289274 -2.20125 -0.40695 -0.285548 1.20119
152 223 0.929834 0.295726 -2.38913 -0.410184 -0.296996 1.19731
176 224 0.915499 0.367616 -2.58587 -0.39087 -0.330916 1.19487
141 465 0.900641 0.7915 -2.20281 -0.386327 -0.289951 1.20693
170 427 0.908729 0.838131 -2.38364 -0.39785 -0.319249 1.19574
192 400 0.956432 0.79123 -2.58248 -0.388344 -0.30296 1.20308
578 -70 -0.0525883 -0.499346 -2.20179 -0.404442 0.0208971 1.19833
542 -23 -0.10926 -0.485833 -2.4025 -0.410707 -0.02512 1.19611
517 10 -0.0893718 -0.52503 -2.59545 -0.397574 -0.0138328 1.20073
604 176 -0.0770734 -0.00923061 -2.2009 -0.392852 0.0141304 1.20228
564 183 -0.0928022 -0.00244413 -2.40029 -0.404424 0.0119855 1.19846
534 190 -0.100327 -0.000931599 -2.59999 -0.397811 0.0261235 1.20044
631 425 -0.102565 0.548418 -2.18831 -0.401548 -0.00372915 1.19948
586 392 -0.107876 0.535401 -2.39201 -0.398629 0.000605171 1.20046
555 369 -0.0843415 0.512759 -2.59807 -0.399903 -0.000126188 1.20003
335 -41 0.391463 -0.525743 -2.19553 -0.389572 -0.0121795 1.20336
337 1 0.388069 -0.494429 -2.40311 -0.398516 0.00854888 1.20046
337 29 0.364509 -0.514881 -2.60231 -0.384532 -0.00680347 1.20503
357 200 0.401464 0.00391585 -2.19973 -0.428394 0.00384437 1.19015
357 202 0.401779 0.034434 -2.39946 -0.4077 -0.0137496 1.19733
354 209 0.400523 0.0128474 -2.59989 -0.400874 -0.0296715 1.19934
381 444 0.398688 0.488079 -2.20291 -0.39899 -0.0067075 1.20032
378 410 0.374824 0.513657 -2.40118 -0.412685 -0.0092944 1.19566
371 387 0.401659 0.493338 -2.60102 -0.400117 0.000150568 1.19996
95 -15 0.906834 -0.486169 -2.20029 -0.398602 -0.00193542 1.20046
131 21 0.899654 -0.533463 -2.39291 -0.391772 0.0103602 1.20267
159 49 0.899443 -0.497936 -2.60059 -0.399457 -0.0107273 1.20013
117 224 0.897074 0.0166122 -2.20113 -0.399195 0.0261336 1.19998
152 222 0.900241 -0.00271817 -2.39991 -0.400356 0.0194545 1.19972
177 225 0.899265 0.00603339 -2.60025 -0.404586 0.00392912 1.19846
140 465 0.888686 0.534918 -2.19638 -0.405432 0.0239221 1.19794
173 427 0.919771 0.497526 -2.39301 -0.410517 -0.00714357 1.19642
193 403 0.915963 0.540058 -2.58638 -0.40914 -0.0144878 1.19683
578 -67 -0.108029 -0.777386 -2.20771 -0.417144 0.291185 1.19633
540 -23 -0.0980232 -0.797117 -2.40104 -0.399191 0.28433 1.20408
514 10 -0.0960352 -0.811582 -2.59656 -0.390582 0.311062 1.20029
602 173 -0.112878 -0.301369 -2.19919 -0.399861 0.286123 1.20343
566 185 -0.101518 -0.298931 -2.40007 -0.389463 0.295321 1.20462
534 188 -0.0901746 -0.323427 -2.59755 -0.402899 0.275231 1.20496
631 424 -0.0732323 0.184773 -2.20238 -0.400018 0.299742 1.20006
588 394 -0.109164 0.216084 -2.39821 -0.382906 0.304604 1.20441
551 369 -0.10414 0.202214 -2.59967 -0.400051 0.300104 1.19996
333 -41 0.384276 -0.792163 -2.20563 -0.402894 0.310011 1.19648
336 0 0.400237 -0.800115 -2.39992 -0.409013 0.294433 1.19834
338 28 0.409945 -0.823352 -2.59115 -0.380737 0.281065 1.2108
358 201 0.431878 -0.288601 -2.19549 -0.393858 0.317807 1.19745
354 203 0.392538 -0.285001 -2.40306 -0.416124 0.305796 1.19303
355 209 0.347688 -0.276899 -2.61006 -0.399648 0.300678 1.19995
381 446 0.400243 0.199832 -2.19997 -0.400722 0.298476 1.20014
378 408 0.408307 0.199053 -2.39868 -0.404592 0.292925 1.20021
370 385 0.411775 0.179743 -2.59964 -0.403661 0.298253 1.19921
95 -11 0.883616 -0.827918 -2.19631 -0.404872 0.270951 1.20527
131 20 0.904805 -0.803339 -2.39708 -0.391372 0.30173 1.20241
159 50 0.886352 -0.7856 -2.60906 -0.399414 0.300532 1.20006
116 223 0.899804 -0.30195 -2.19981 -0.400025 0.301724 1.19956
153 224 0.897821 -0.30224 -2.40054 -0.410825 0.289728 1.19887
175 225 0.925741 -0.30125 -2.5908 -0.403939 0.305031 1.19741
140 467 0.873515 0.219472 -2.2088 -0.394244 0.301809 1.20145
171 427 0.918331 0.191229 -2.39376 -0.395267 0.287557 1.20461
194 404 0.893739 0.168996 -2.60436 -0.408268 0.308498 1.19505
580 -67 -0.49888 -0.203698 -2.19991 0.0166535 -0.315672 1.19586
542 -24 -0.501248 -0.149214 -2.40343 0.00043311 -0.310419 1.19735
515 11 -0.497024 -0.175721 -2.60232 0.0204076 -0.286268 1.20318
606 173 -0.504462 0.306493 -2.19809 0.001978 -0.305198 1.19869
562 184 -0.499842 0.300611 -2.39996 -0.00680363 -0.295738 1.20104
533 190 -0.498202 0.278422 -2.60274 -0.0125431 -0.306386 1.19832
630 424 -0.483881 0.781111 -2.21037 -0.0129799 -0.305473 1.19855
584 391 -0.537281 0.769378 -2.40195 0.00458068 -0.294498 1.20135
555 369 -0.494029 0.798049 -2.60174 0.00567729 -0.298291 1.20041
332 -39 0.00317513 -0.201843 -2.19983 0.00329956 -0.290285 1.20238
336 0 0.000741648 -0.245762 -2.39575 0.00608516 -0.306136 1.19843
338 29 0.0383615 -0.227078 -2.59749 0.000723252 -0.328636 1.19248
356 198 -0.0287749 0.321886 -2.19672 -0.00940047 -0.304647 1.19879
355 203 0.00494209 0.314931 -2.39808 -0.000100062 -0.297894 1.20052
356 206 0.0151819 0.29907 -2.60006 -0.010604 -0.304246 1.19888
382 446 0.00372629 0.788842 -2.20402 0.00364027 -0.301905 1.19952
376 412 -0.00750515 0.81223 -2.39588 -0.00518401 -0.311305 1.19711
373 385 0.0153351 0.796512 -2.60103 -0.00122257 -0.301014 1.19975
94 -13 0.491717 -0.204053 -2.20149 0.00239827 -0.28784 1.20297
135 23 0.49934 -0.198159 -2.40029 0.0027923 -0.307148 1.19819
159 51 0.507656 -0.188814 -2.59935 -0.00356819 -0.300042 1.19998
117 222 0.486369 0.313264 -2.20121 0.00420077 -0.300847 1.19978
151 226 0.499963 0.302309 -2.39972 -0.00127361 -0.299891 1.20003
179 225 0.504205 0.300085 -2.59918 -0.0135075 -0.292017 1.20189
140 466 0.489668 0.799138 -2.20264 0.000412313 -0.311552 1.19705
173 430 0.525119 0.805387 -2.39282 -0.00202533 -0.299847 1.20004
195 404 0.484721 0.814268 -2.59846 0.00287808 -0.306962 1.19823
579 -70 -0.477975 -0.505874 -2.20355 -0.0166664 0.0126745 1.19982
542 -23 -0.499809 -0.500428 -2.39995 -0.000932605 -0.00604301 1.19998
515 9 -0.487498 -0.513522 -2.59974 0.000576848 0.00128979 1.2
603 173 -0.505985 0.00625709 -2.19862 -0.00190466 0.00262064 1.2
564 182 -0.505914 -0.0298602 -2.39857 0.0093718 0.00527938 1.19995
532 189 -0.533743 0.0168139 -2.59323 0.0119389 0.00485808 1.19993
631 423 -0.494524 0.515907 -2.19756 -0.0154602 0.0191363 1.19975
588 394 -0.492713 0.534175 -2.39414 -0.00397833 -0.0215625 1.1998
553 367 -0.530751 0.496907 -2.59449 -0.00306267 0.00348911 1.19999
332 -43 0.0275858 -0.46176 -2.20817 -0.0193888 -0.0140387 1.19976
337 -1 0.0247542 -0.461088 -2.40765 -0.0055361 -0.00163517 1.19999
338 28 0.0184006 -0.471827 -2.6052 -0.00450439 -0.00969053 1.19995
357 202 0.00152554 -0.00277959 -2.2 0.00410131 -0.00766928 1.19997
353 205 0.0523073 -0.0117418 -2.3994 0.00218237 -0.00452171 1.19999
352 209 0.036406 0.0089549 -2.59973 -0.000740187 -0.00950762 1.19996
382 444 -0.00637494 0.507088 -2.19837 0.0190582 -0.0105391 1.1998
374 408 0.0219363 0.492402 -2.40147 0.0162782 0.0154354 1.19979
370 386 -0.00841165 0.49507 -2.60093 0.00502246 0.00731899 1.19997
95 -15 0.53878 -0.519603 -2.18626 -0.00416671 -0.00543616 1.19998
135 22 0.481318 -0.483652 -2.40716 -0.0041368 0.0163621 1.19988
159 49 0.53034 -0.546155 -2.58466 0.0101221 -0.00296599 1.19995
118 224 0.463979 -0.0183405 -2.2078 0.00103981 0.00345458 1.19999
152 225 0.503607 -0.00893642 -2.39923 -0.000646726 0.00212903 1.2
175 226 0.500299 -0.0327007 -2.59974 0.000552039 0.0182393 1.19986
140 467 0.527809 0.50696 -2.1919 0.00641963 0.00339271 1.19998
171 429 0.522193 0.458747 -2.40351 0.0214562 -0.00419399 1.1998
195 401 0.478495 0.478822 -2.60802 -0.00642041 -0.000551442 1.19998
578 -69 -0.493299 -0.820107 -2.1941 -0.0111261 0.305324 1.1986
542 -23 -0.517694 -0.774119 -2.40473 3.8286e-005 0.2998 1.20005
516 11 -0.49919 -0.808443 -2.59754 -0.00290493 0.295573 1.20109
602 176 -0.530632 -0.270438 -2.19666 0.0048807 0.324768 1.19353
563 184 -0.503692 -0.303538 -2.39878 0.00893689 0.283991 1.20386
534 188 -0.492543 -0.305187 -2.60082 0.000232627 0.298632 1.20034
632 421 -0.500468 0.224003 -2.19758 -0.000471785 0.285529 1.20353
585 393 -0.490608 0.197028 -2.40218 -0.0108964 0.308011 1.19792
551 371 -0.5009 0.198379 -2.59995 -0.00505242 0.311603 1.19703
335 -42 0.00881729 -0.77834 -2.20774 0.00244266 0.302462 1.19938
335 0 0.0507424 -0.812325 -2.39532 -0.001681 0.297935 1.20051
336 29 0.0310311 -0.798598 -2.60025 0.0103046 0.307579 1.19804
358 200 -0.000650681 -0.294245 -2.20078 0.00025975 0.308095 1.19795
355 204 0.0157086 -0.329399 -2.39609 0.00959969 0.282688 1.20416
354 206 0.0377502 -0.294381 -2.60037 -0.00673344 0.299667 1.20006
383 443 -0.0233044 0.238171 -2.19607 0.00550264 0.296097 1.20096
374 411 -0.00319985 0.199417 -2.40005 -0.00798909 0.32021 1.19474
372 385 0.00766676 0.198975 -2.60007 -0.00107735 0.298569 1.20036
95 -13 0.491168 -0.817798 -2.19544 0.000561819 0.300551 1.19986
133 22 0.530214 -0.77421 -2.40197 -0.00185812 0.305869 1.19852
163 48 0.478383 -0.813552 -2.59986 0.00643686 0.29858 1.20034
118 225 0.514913 -0.313127 -2.19472 0.000283676 0.287774 1.20299
151 224 0.516553 -0.269983 -2.40006 -0.0170392 0.307119 1.19808
177 225 0.491015 -0.30347 -2.60131 -0.00309603 0.300341 1.19991
142 467 0.498248 0.189608 -2.20132 0.00266806 0.298304 1.20042
171 430 0.498807 0.196061 -2.40057 0.00216052 0.317899 1.19538
194 404 0.456857 0.196076 -2.60822 -0.000100535 0.300125 1.19997
577 -67 -0.894486 -0.208872 -2.20142 0.409072 -0.288362 1.19979
544 -21 -0.917167 -0.170669 -2.39576 0.407227 -0.301176 1.19727
516 8 -0.861361 -0.219271 -2.61151 0.397058 -0.307077 1.19919
606 175 -0.916035 0.31416 -2.19139 0.395666 -0.291071 1.20363
564 181 -0.916783 0.326389 -2.39018 0.401587 -0.295464 1.2006
536 187 -0.871666 0.285085 -2.61131 0.394511 -0.298891 1.20209
630 423 -0.931571 0.773439 -2.19635 0.39985 -0.299833 1.20009
587 392 -0.913721 0.787315 -2.39901 0.400815 -0.284532 1.20349
553 370 -0.900747 0.795924 -2.60099 0.390409 -0.300133 1.20312
335 -41 -0.393393 -0.244489 -2.19669 0.38674 -0.30959 1.20191
333 0 -0.397202 -0.205535 -2.4 0.387685 -0.295867 1.20506
336 27 -0.419269 -0.213531 -2.59588 0.407494 -0.30625 1.19589
355 199 -0.399851 0.272222 -2.20364 0.396602 -0.323332 1.19506
355 203 -0.408293 0.292954 -2.39947 0.394308 -0.298259 1.20232
355 206 -0.396995 0.317275 -2.59841 0.409342 -0.314915 1.19301
384 444 -0.402077 0.802091 -2.19886 0.401382 -0.301782 1.19909
376 408 -0.410856 0.758442 -2.41163 0.404105 -0.300803 1.19842
374 385 -0.387164 0.788611 -2.60542 0.395401 -0.323721 1.19535
94 -13 0.115568 -0.211099 -2.1982 0.4 -0.300037 1.19999
131 21 0.0746282 -0.187165 -2.40196 0.382953 -0.312021 1.20249
162 48 0.103829 -0.200581 -2.59981 0.408595 -0.293033 1.19883
119 226 0.095159 0.302282 -2.1999 0.399077 -0.295646 1.20139
152 222 0.103836 0.300014 -2.39984 0.411109 -0.286483 1.19955
177 225 0.0853037 0.279255 -2.60283 0.392965 -0.296312 1.20324
138 467 0.105859 0.799885 -2.19977 0.383434 -0.311323 1.20252
170 427 0.0957024 0.760344 -2.41303 0.417791 -0.313547 1.19044
194 403 0.118085 0.83994 -2.58661 0.406272 -0.309257 1.19553
577 -68 -0.927804 -0.497198 -2.18906 0.408346 -0.00994206 1.19714
541 -25 -0.901832 -0.48525 -2.40234 0.387067 0.0183203 1.20409
517 9 -0.898711 -0.495935 -2.60122 0.402435 -0.00501196 1.19918
603 176 -0.897756 0.000676831 -2.20092 0.388659 0.00222971 1.20372
566 183 -0.90686 0.0215346 -2.39732 0.401334 -0.00304671 1.19955
533 188 -0.895509 -0.0029679 -2.60155 0.408071 -0.00859627 1.19725
631 422 -0.905352 0.509071 -2.19572 0.401271 -0.0263339 1.19929
586 393 -0.909807 0.494586 -2.39742 0.413223 -0.0115311 1.19546
551 369 -0.875638 0.464046 -2.61494 0.398124 0.00635359 1.20061
331 -41 -0.388243 -0.478743 -2.20682 0.39445 0.00138838 1.20183
335 1 -0.405212 -0.505386 -2.398 0.410087 0.0094499 1.19655
336 27 -0.439575 -0.492314 -2.59507 0.402701 0.00825677 1.19907
359 201 -0.358981 -0.000974927 -2.20706 0.399981 0.000450341 1.20001
354 206 -0.414057 -0.0210568 -2.39752 0.395846 -0.00105694 1.20138
352 207 -0.391879 0.00132146 -2.60124 0.404878 0.0250567 1.1981
383 444 -0.396019 0.510602 -2.19828 0.409256 -0.0193384 1.19672
378 408 -0.397164 0.495972 -2.40131 0.399091 -0.00424213 1.2003
373 384 -0.363169 0.468932 -2.61117 0.393737 -0.0191294 1.20192
94 -13 0.119102 -0.526445 -2.19287 0.399392 -0.0195487 1.20004
132 20 0.0986081 -0.506303 -2.39874 0.410155 -0.0311943 1.19616
162 47 0.153277 -0.500963 -2.59722 0.39977 0.00200535 1.20008
117 224 0.0862003 0.0204767 -2.20049 0.401061 0.00273337 1.19964
153 224 0.0958261 -0.0194841 -2.40009 0.400025 -0.0015598 1.19999
177 223 0.0734798 -0.0169286 -2.60083 0.415337 0.00174399 1.19478
139 464 0.0950729 0.476211 -2.20549 0.398813 -0.00468397 1.20039
169 430 0.100237 0.501246 -2.39973 0.404586 0.00640406 1.19844
194 401 0.0986141 0.518345 -2.59646 0.394927 -0.00437734 1.20167
576 -69 -0.909988 -0.810529 -2.19202 0.392106 0.302651 1.20194
541 -25 -0.900318 -0.800215 -2.39981 0.398325 0.30781 1.19858
515 8 -0.884164 -0.817163 -2.6001 0.40708 0.326929 1.19055
604 176 -0.918734 -0.293586 -2.19311 0.401427 0.290223 1.20193
562 184 -0.898538 -0.267951 -2.40434 0.399026 0.29997 1.20033
536 189 -0.892331 -0.29766 -2.60291 0.400985 0.320942 1.19424
630 423 -0.923406 0.209158 -2.18942 0.40091 0.29907 1.19993
588 393 -0.876418 0.230088 -2.40602 0.400212 0.284538 1.20369
555 370 -0.896746 0.210386 -2.6003 0.400722 0.301524 1.19938
333 -42 -0.395838 -0.796437 -2.20204 0.397406 0.277573 1.20624
335 0 -0.415542 -0.821107 -2.39021 0.398174 0.29639 1.2015
338 29 -0.402846 -0.789942 -2.60263 0.397821 0.301919 1.20024
356 200 -0.419384 -0.320265 -2.19352 0.397819 0.296716 1.20154
355 206 -0.419697 -0.259465 -2.40136 0.407615 0.30227 1.19686
354 207 -0.379193 -0.321343 -2.60057 0.381057 0.320091 1.20097
382 446 -0.403949 0.191041 -2.20007 0.391529 0.28687 1.20599
374 412 -0.400032 0.203775 -2.39968 0.399123 0.287286 1.2034
371 384 -0.417355 0.172272 -2.59926 0.400461 0.296769 1.20065
95 -13 0.139091 -0.806222 -2.1956 0.403619 0.28627 1.20214
134 24 0.129449 -0.795309 -2.40015 0.396377 0.295938 1.20221
161 49 0.0967465 -0.764719 -2.61072 0.400027 0.298064 1.20047
119 226 0.102591 -0.255175 -2.20553 0.408019 0.296514 1.19817
153 222 0.0636249 -0.31498 -2.39932 0.406653 0.291356 1.19989
178 225 0.102786 -0.342588 -2.59462 0.40824 0.312957 1.1939
140 465 0.124269 0.193474 -2.19935 0.405486 0.295875 1.19918
169 431 0.123462 0.228349 -2.39638 0.411605 0.301344 1.19573
193 404 0.109998 0.19035 -2.60032 0.400029 0.299993 1.19999
0 0 0 1 0 0 0 
calibration result:
fitted value:0.0309485 0.0339732 0.111975 0.998601 -0.00069633 0.0159987 0.0496462 
k:7956
judgement1 and judgement2:7.55584e-010 3.39341e-012
calibration time:13370.2ms
