729
536.703 536.819 328.442 221.513

578 -67 -0.103933 -0.20043 -1.5997 -0.399414 -0.301068 0.599856
541 -25 -0.0974048 -0.198147 -1.80035 -0.39928 -0.30154 0.599707
513 8 -0.104259 -0.198255 -1.99996 -0.400115 -0.298435 0.600703
602 175 -0.0986658 0.301669 -1.59977 -0.399795 -0.300251 0.600011
564 182 -0.100478 0.300198 -1.79994 -0.399627 -0.300452 0.600022
534 188 -0.104553 0.30228 -1.99942 -0.400648 -0.300968 0.599082
630 423 -0.103204 0.797477 -1.60106 -0.399834 -0.301433 0.599392
587 390 -0.097299 0.801298 -1.79957 -0.398985 -0.29975 0.6008
555 370 -0.100345 0.794423 -2.0022 -0.40079 -0.299256 0.599845
334 -43 0.400051 -0.19993 -1.6 -0.400147 -0.299973 0.599916
333 -1 0.39955 -0.200048 -1.80009 -0.399908 -0.300355 0.599884
335 29 0.399945 -0.200799 -1.99993 -0.399701 -0.302155 0.599117
355 202 0.400025 0.300069 -1.59998 -0.399984 -0.29999 0.600016
353 206 0.39996 0.299535 -1.80009 -0.400537 -0.297919 0.600678
352 207 0.402209 0.301435 -1.99934 -0.400468 -0.29845 0.600461
383 444 0.39998 0.800082 -1.59996 -0.399748 -0.300258 0.600039
376 408 0.404564 0.800493 -1.79876 -0.401551 -0.298705 0.59961
374 385 0.398317 0.805952 -1.99795 -0.40015 -0.299621 0.600089
94 -12 0.900407 -0.19984 -1.59979 -0.400468 -0.299104 0.600136
133 20 0.900455 -0.198786 -1.79991 -0.399432 -0.298507 0.601122
163 47 0.899788 -0.200154 -2.00008 -0.400103 -0.300435 0.599713
115 225 0.899242 0.295895 -1.60119 -0.399758 -0.300261 0.600031
150 222 0.898606 0.303619 -1.80009 -0.400323 -0.29991 0.599829
175 225 0.90138 0.304125 -1.99875 -0.398633 -0.299576 0.60112
141 464 0.898469 0.802511 -1.5996 -0.399654 -0.299279 0.60059
171 431 0.9004 0.800094 -1.79976 -0.400041 -0.3001 0.599923
194 404 0.90044 0.802829 -1.99867 -0.400557 -0.300393 0.599432
580 -70 -0.104325 -0.500962 -1.59942 -0.399881 0.00026277 0.600079
542 -23 -0.101306 -0.501684 -1.79946 -0.40025 0.00110627 0.599832
515 10 -0.100701 -0.499679 -2.00005 -0.39941 -0.00114018 0.600392
604 176 -0.0996596 -0.00148487 -1.60002 -0.400905 0.000111741 0.599396
564 184 -0.0999886 -0.000372379 -1.8 -0.400343 0.00184655 0.599769
535 187 -0.100458 -0.00313227 -1.99997 -0.399798 -0.00183448 0.600132
628 425 -0.0999551 0.501752 -1.59945 -0.400174 -2.24452e-005 0.599884
586 393 -0.0981188 0.502002 -1.79955 -0.399668 -0.000470964 0.600221
551 368 -0.10004 0.499904 -2.00002 -0.400002 0.000502365 0.599999
332 -39 0.398973 -0.500523 -1.60009 -0.399422 -0.00219607 0.600381
333 2 0.400795 -0.496357 -1.80083 -0.399908 -4.99652e-005 0.600061
338 29 0.401893 -0.500517 -1.99949 -0.400007 8.16864e-007 0.599995
357 200 0.400018 -0.00111175 -1.6 -0.400297 0.000270089 0.599802
353 204 0.399498 0.000663643 -1.80011 -0.400028 -0.000392989 0.599981
354 207 0.397492 0.000791895 -2.0005 -0.400007 3.80127e-006 0.599995
384 444 0.402002 0.502269 -1.59879 -0.400173 -0.000180484 0.599884
378 410 0.395759 0.501452 -1.80053 -0.399727 0.000240374 0.600182
371 384 0.401988 0.502294 -1.99903 -0.400331 0.00157233 0.599777
96 -12 0.897797 -0.502825 -1.60035 -0.400235 0.000260072 0.599844
133 21 0.899879 -0.499796 -1.80012 -0.399693 0.000432115 0.600204
161 48 0.896456 -0.504401 -2.00049 -0.399882 0.000227422 0.600079
119 225 0.900814 0.00105431 -1.59954 -0.400795 9.28418e-005 0.59947
151 223 0.900826 0.0021372 -1.79959 -0.399088 0.00023804 0.600607
175 224 0.900129 0.000602985 -1.99994 -0.399742 0.00124041 0.600171
138 463 0.901795 0.499136 -1.59926 -0.399334 0.00164204 0.600441
171 431 0.900079 0.497733 -1.80059 -0.400086 0.000313716 0.599943
194 401 0.900694 0.50049 -1.99957 -0.401883 0.000681621 0.59874
576 -67 -0.0999191 -0.800516 -1.59975 -0.399134 0.299471 0.600841
540 -23 -0.0997012 -0.799327 -1.80032 -0.399103 0.299974 0.60061
516 11 -0.097635 -0.801672 -1.99945 -0.399785 0.302032 0.599123
602 177 -0.0997359 -0.299889 -1.60004 -0.399901 0.299247 0.600442
563 181 -0.0984757 -0.299301 -1.8002 -0.400108 0.299775 0.600041
533 187 -0.0963991 -0.298678 -2.00037 -0.400121 0.299421 0.600208
628 424 -0.0974566 0.199982 -1.60016 -0.399399 0.301973 0.59941
584 393 -0.0991614 0.196148 -1.80047 -0.40074 0.300056 0.599478
552 368 -0.101506 0.201273 -1.9998 -0.400739 0.301441 0.598783
333 -41 0.401695 -0.80153 -1.59881 -0.399789 0.300313 0.599984
335 0 0.396912 -0.799848 -1.80075 -0.400103 0.300164 0.599849
336 27 0.401463 -0.798279 -2.00039 -0.400093 0.299988 0.599944
356 198 0.402502 -0.301664 -1.59906 -0.399492 0.30024 0.600218
355 206 0.399918 -0.299773 -1.80006 -0.400078 0.299589 0.600153
353 209 0.399143 -0.300683 -2.00007 -0.398672 0.300113 0.600827
381 444 0.39969 0.200103 -1.60006 -0.400334 0.300558 0.599498
378 409 0.397493 0.202975 -1.80022 -0.401124 0.299294 0.599602
373 384 0.399695 0.199484 -2.00011 -0.399972 0.299019 0.600508
93 -11 0.899686 -0.800041 -1.60016 -0.40077 0.299348 0.599812
131 20 0.899577 -0.801905 -1.79936 -0.399736 0.300188 0.600082
159 50 0.895238 -0.800701 -2.00186 -0.400404 0.300213 0.599624
115 224 0.899569 -0.300475 -1.60015 -0.400189 0.299544 0.600102
153 225 0.899572 -0.306256 -1.79916 -0.400763 0.297937 0.600519
176 226 0.89832 -0.299943 -2.00076 -0.401087 0.300546 0.599
140 466 0.900282 0.199457 -1.59991 -0.39901 0.301111 0.600103
169 429 0.900908 0.199941 -1.79955 -0.398307 0.299418 0.601415
194 400 0.901456 0.200903 -1.99925 -0.399924 0.299334 0.600383
578 -68 -0.496719 -0.198401 -1.60122 0.00161314 -0.299639 0.600178
542 -23 -0.500376 -0.20049 -1.79984 -0.000602637 -0.298965 0.600516
515 9 -0.500188 -0.199565 -2 2.93095e-006 -0.300641 0.599679
606 174 -0.502531 0.298607 -1.59947 -0.00106001 -0.299275 0.600361
565 185 -0.500185 0.300298 -1.7999 0.0017066 -0.298819 0.600587
533 190 -0.501226 0.303063 -1.99923 3.71244e-005 -0.299692 0.600154
632 421 -0.502129 0.797197 -1.60073 -4.4047e-005 -0.300067 0.599967
588 390 -0.499068 0.800308 -1.80012 0.000777776 -0.299323 0.600337
555 369 -0.499337 0.800429 -1.99999 -0.0013142 -0.300804 0.599596
335 -42 -0.000763971 -0.200803 -1.5999 -9.16515e-005 -0.299689 0.600155
335 0 -0.00392219 -0.203222 -1.79963 -6.36779e-005 -0.30186 0.599066
336 31 -0.00103007 -0.199801 -2.00002 2.5852e-005 -0.300075 0.599962
359 200 0.000316467 0.300055 -1.59999 -4.37961e-005 -0.300069 0.599966
354 206 0.00292781 0.299314 -1.80011 0.000844963 -0.300848 0.599574
356 207 -0.00135491 0.300998 -1.99985 0.000821568 -0.300826 0.599585
380 444 7.7197e-005 0.800524 -1.59974 -0.000381442 -0.299805 0.600097
374 408 0.000951631 0.797001 -1.80133 -0.000449351 -0.299824 0.600088
374 386 -0.00512414 0.801941 -1.99922 -0.00127628 -0.300592 0.599702
93 -12 0.499864 -0.199328 -1.60013 -0.00042039 -0.299861 0.60007
132 23 0.499954 -0.202428 -1.79974 -0.000322792 -0.299852 0.600074
159 49 0.50026 -0.200451 -1.99989 -0.000387814 -0.298387 0.600804
118 223 0.49988 0.3024 -1.59959 0.000643202 -0.300144 0.599928
152 226 0.499799 0.299858 -1.80008 0.000452672 -0.299549 0.600225
179 224 0.499211 0.301743 -1.99993 -0.000168786 -0.299864 0.600068
140 467 0.499441 0.801439 -1.59945 0.00083838 -0.300018 0.59999
171 427 0.500474 0.797523 -1.80097 -0.00123329 -0.299426 0.600285
196 400 0.499633 0.798342 -2.00075 -0.000117949 -0.29998 0.60001
578 -69 -0.499561 -0.501129 -1.59978 -0.000232752 0.0002247 0.6
543 -23 -0.499926 -0.499297 -1.80022 -2.13172e-005 -6.87946e-006 0.6
517 10 -0.503206 -0.496189 -2.00015 -0.000547604 0.00101845 0.599999
604 173 -0.500786 -0.000415836 -1.59975 -2.7215e-005 -0.00090765 0.599999
562 183 -0.49965 0.00218784 -1.8001 -0.000576173 0.00121096 0.599999
532 189 -0.497946 -0.00582853 -2.0005 -0.000142122 -0.000926093 0.599999
631 423 -0.500612 0.500111 -1.59977 -0.000658922 -0.000591446 0.599999
586 391 -0.498079 0.502234 -1.79991 0.000856883 -0.000309025 0.599999
551 370 -0.500025 0.494796 -2.00129 0.000322723 -0.000622482 0.6
333 -41 0.00193028 -0.497779 -1.60069 -0.000128341 -3.16711e-005 0.6
337 -2 0.000420461 -0.501638 -1.79954 -0.00071961 0.00143943 0.599998
337 28 3.40308e-005 -0.500034 -1.99999 0.000766549 0.000524041 0.599999
358 200 -1.14816e-005 -0.000529351 -1.6 -0.00105618 -0.00049659 0.599999
353 204 -0.00204267 0.00390557 -1.79999 2.87626e-005 -0.000171217 0.6
355 205 0.00300571 -0.00374533 -1.99999 0.000750881 -0.000810502 0.599999
381 444 0.0013387 0.499318 -1.60021 -1.93851e-005 0.00025714 0.6
375 410 0.00160454 0.496043 -1.80109 -0.000874794 -0.00106612 0.599998
371 385 -0.00151851 0.496027 -2.00099 0.000321513 0.000866068 0.599999
93 -14 0.501182 -0.502542 -1.59883 0.000257934 -0.00111889 0.599999
133 24 0.498563 -0.499905 -1.80043 -0.000198689 0.00104034 0.599999
159 49 0.499724 -0.499851 -2.00011 0.000907908 -0.00144304 0.599998
117 225 0.501717 0.00140256 -1.59946 -0.000855953 -0.000438732 0.599999
154 226 0.501715 0.00230526 -1.79952 0.000265694 0.000229169 0.6
175 227 0.499434 -0.00492969 -2.00014 0.000280802 -0.00111947 0.599999
141 464 0.499987 0.499995 -1.60001 -0.00130558 0.000974759 0.599998
173 429 0.499494 0.500546 -1.79999 -0.000691313 5.49393e-005 0.6
194 400 0.499949 0.496906 -2.00078 -2.51852e-005 -0.000518349 0.6
580 -69 -0.501176 -0.801264 -1.599 0.000414069 0.301381 0.599307
544 -25 -0.501079 -0.800013 -1.79969 -0.000561582 0.300079 0.59996
516 10 -0.500026 -0.797961 -2.00081 -2.79868e-005 0.299764 0.600118
605 175 -0.497326 -0.298964 -1.60103 -2.0737e-005 0.300066 0.599967
565 185 -0.501987 -0.301565 -1.79919 0.00200726 0.300492 0.59975
533 191 -0.499997 -0.299999 -2 -0.000381524 0.299604 0.600198
630 423 -0.500069 0.199894 -1.59999 0.00046848 0.299904 0.600048
586 392 -0.498366 0.203969 -1.80001 0.000971739 0.300219 0.59989
553 369 -0.498271 0.193883 -2.00103 0.000193522 0.300105 0.599948
335 -41 0.00018775 -0.800613 -1.59969 -0.000200829 0.300977 0.59951
337 -1 0.000349055 -0.800893 -1.7996 0.000905881 0.299997 0.600001
338 28 0.00042469 -0.796598 -2.00136 0.000399204 0.299475 0.600262
359 200 0.00119592 -0.301008 -1.59981 0.000533494 0.299303 0.600348
353 203 -0.000785325 -0.30586 -1.79901 -0.000451674 0.300242 0.599879
354 207 -2.71715e-005 -0.300066 -1.99999 0.00148005 0.299427 0.600285
384 444 0.000167651 0.199168 -1.6001 0.000597083 0.299957 0.600021
378 409 -0.00235411 0.202475 -1.79972 -0.000216797 0.299712 0.600144
370 384 0.00376912 0.20271 -1.99972 -0.00118241 0.300062 0.599968
96 -12 0.499627 -0.80044 -1.5999 -0.000420413 0.298832 0.600582
133 20 0.499644 -0.800383 -1.79993 -0.00121336 0.298791 0.600602
160 48 0.498628 -0.794931 -2.00236 -0.000907696 0.300162 0.599918
115 226 0.501814 -0.301723 -1.59911 2.24696e-005 0.30003 0.599985
152 224 0.498808 -0.295978 -1.801 -0.000408053 0.300667 0.599666
177 226 0.49878 -0.2981 -2.00059 -0.00120588 0.30147 0.599261
141 465 0.498107 0.196704 -1.601 -0.00052671 0.300301 0.599849
169 428 0.501196 0.197443 -1.79995 -0.000843972 0.299818 0.60009
196 403 0.500271 0.2003 -1.9999 8.83111e-005 0.299951 0.600024
577 -69 -0.899544 -0.205406 -1.59957 0.399687 -0.299565 0.600426
544 -22 -0.899656 -0.200691 -1.8001 0.400184 -0.301274 0.599238
516 12 -0.901146 -0.200418 -1.99944 0.400509 -0.299753 0.599784
604 175 -0.899886 0.302021 -1.59968 0.398932 -0.299598 0.600911
562 183 -0.900316 0.300134 -1.79982 0.400756 -0.30011 0.59944
532 188 -0.900028 0.295656 -2.00063 0.400032 -0.30111 0.599422
632 423 -0.903856 0.797118 -1.59926 0.398064 -0.300951 0.600811
585 391 -0.902064 0.802012 -1.79807 0.399048 -0.298121 0.601568
553 368 -0.897665 0.800247 -2.00095 0.400103 -0.301097 0.599381
332 -40 -0.399802 -0.201388 -1.59988 0.399332 -0.299323 0.600783
335 0 -0.403073 -0.200067 -1.79931 0.398558 -0.298999 0.601458
335 28 -0.399103 -0.199959 -2.00018 0.398789 -0.298469 0.601568
356 198 -0.400242 0.299573 -1.60002 0.401462 -0.29863 0.599707
357 204 -0.399852 0.299348 -1.80014 0.399971 -0.30055 0.599744
353 206 -0.397156 0.301135 -2.0004 0.399508 -0.300843 0.599905
380 444 -0.397588 0.804139 -1.59853 0.401382 -0.299799 0.599177
378 411 -0.39999 0.801013 -1.79955 0.400416 -0.300048 0.599699
372 388 -0.401221 0.799199 -2.00008 0.398772 -0.300775 0.60043
94 -14 0.0956869 -0.199301 -1.60035 0.399802 -0.299278 0.600492
131 22 0.103681 -0.197511 -1.80007 0.399964 -0.300071 0.599989
161 50 0.0955809 -0.198842 -2.00033 0.39988 -0.30032 0.59992
117 226 0.104379 0.297871 -1.60012 0.400166 -0.299428 0.600175
150 222 0.100008 0.299276 -1.80012 0.399346 -0.300175 0.600348
176 225 0.099701 0.300596 -1.99993 0.400083 -0.300367 0.599761
140 467 0.100017 0.799655 -1.60017 0.399861 -0.300442 0.599872
172 427 0.102183 0.800387 -1.79971 0.400027 -0.299969 0.599998
193 400 0.0976338 0.802733 -1.99902 0.399433 -0.300535 0.60011
577 -71 -0.899356 -0.501365 -1.59993 0.401334 0.000300469 0.599108
544 -23 -0.899783 -0.50013 -1.80007 0.399789 -6.18851e-005 0.60014
515 11 -0.895701 -0.501859 -2.00146 0.400312 -0.000545225 0.599791
602 176 -0.899457 -0.00291499 -1.6003 0.399323 -0.000122993 0.600451
563 183 -0.898823 -0.000807896 -1.80059 0.40001 -0.000125093 0.599993
533 188 -0.898154 -0.00514119 -2.00082 0.400871 -0.00116606 0.599417
630 425 -0.902464 0.502166 -1.59793 0.400002 -5.79258e-006 0.599999
585 391 -0.899106 0.502155 -1.79985 0.400629 0.000653547 0.59958
552 371 -0.901735 0.50137 -1.99888 0.3999 0.00133987 0.600065
331 -40 -0.400523 -0.500773 -1.59963 0.40001 0.000492557 0.599993
333 2 -0.402402 -0.49665 -1.80039 0.399918 0.000377765 0.600055
334 29 -0.399411 -0.494027 -2.0016 0.400199 2.32499e-005 0.599868
359 198 -0.401286 -0.000269249 -1.59968 0.399997 0.00148219 0.6
354 203 -0.396705 -0.000628399 -1.80073 0.400883 -0.00184918 0.599408
356 209 -0.40299 8.70338e-005 -1.9994 0.39954 -0.000129275 0.600306
384 444 -0.397986 0.49763 -1.60124 0.400761 0.000967318 0.599491
376 411 -0.399575 0.497476 -1.80079 0.399883 -0.000282891 0.600078
372 387 -0.399008 0.50076 -2.00001 0.400504 -0.000149907 0.599664
95 -14 0.100356 -0.500256 -1.5999 0.399442 0.000934011 0.600371
131 24 0.0965326 -0.498808 -1.80052 0.399732 0.00170617 0.600176
161 50 0.101 -0.499095 -2.00018 0.400023 -7.98289e-006 0.599985
115 225 0.103148 0.00120783 -1.5998 0.400506 0.000850523 0.599662
151 222 0.0967196 0.00418482 -1.80017 0.400014 0.000114897 0.59999
177 224 0.099763 0.00230971 -2.00001 0.399145 -0.00144226 0.600568
139 465 0.10166 0.50466 -1.59843 0.400048 -0.00017332 0.599968
169 429 0.099923 0.50021 -1.79995 0.399852 0.000289344 0.600099
194 404 0.098894 0.503058 -1.99929 0.399989 9.69403e-005 0.600007
579 -69 -0.899432 -0.802003 -1.59932 0.400588 0.298317 0.600447
542 -23 -0.897977 -0.799756 -1.80112 0.400187 0.299549 0.600101
513 9 -0.900303 -0.800295 -1.99975 0.400282 0.298602 0.600509
606 176 -0.899343 -0.29814 -1.60072 0.400067 0.299716 0.600098
566 183 -0.900992 -0.302127 -1.79915 0.401575 0.300122 0.598886
532 189 -0.900228 -0.298327 -2.00015 0.398325 0.300461 0.600883
630 423 -0.898019 0.199344 -1.60119 0.400158 0.300312 0.599738
588 392 -0.899303 0.20165 -1.80016 0.400408 0.298931 0.600261
551 369 -0.899954 0.200171 -2 0.400197 0.300182 0.599778
333 -41 -0.403694 -0.797483 -1.60033 0.399577 0.299853 0.600355
337 0 -0.39972 -0.80072 -1.79974 0.400938 0.300298 0.599224
338 27 -0.400591 -0.802485 -1.99889 0.400125 0.300413 0.59971
357 199 -0.398201 -0.301302 -1.6002 0.399012 0.299895 0.60071
354 203 -0.401364 -0.301539 -1.79944 0.400284 0.29893 0.600344
353 209 -0.399057 -0.300545 -2.00011 0.399236 0.300005 0.600506
381 443 -0.401074 0.201112 -1.59959 0.399641 0.299627 0.600426
377 408 -0.400371 0.200507 -1.79986 0.400692 0.299859 0.599609
374 386 -0.398161 0.200373 -2.00033 0.399596 0.300814 0.599862
96 -15 0.0999976 -0.79995 -1.60003 0.399925 0.300208 0.599946
134 21 0.100686 -0.800891 -1.79957 0.399779 0.300171 0.600061
159 50 0.10055 -0.800086 -1.99994 0.400037 0.299454 0.600248
115 223 0.0988966 -0.299025 -1.60025 0.39903 0.300476 0.600408
152 224 0.100165 -0.297152 -1.80046 0.400249 0.3001 0.599784
175 227 0.0944191 -0.301613 -2.00003 0.400387 0.29956 0.599962
140 464 0.0996176 0.199854 -1.60004 0.399373 0.299912 0.600462
173 431 0.102971 0.198426 -1.80001 0.399736 0.299599 0.600376
194 402 0.0991994 0.200776 -1.99996 0.401319 0.300145 0.599046
578 -69 -0.101523 -0.198176 -1.90011 -0.401428 -0.29941 0.899561
540 -25 -0.098415 -0.199565 -2.10012 -0.399605 -0.300047 0.90016
514 10 -0.0990355 -0.207406 -2.29939 -0.40048 -0.29935 0.900003
604 174 -0.0986052 0.301901 -1.89977 -0.399627 -0.302582 0.899301
566 184 -0.0989223 0.302989 -2.09962 -0.399223 -0.30088 0.900051
534 189 -0.0994868 0.303434 -2.29957 -0.401191 -0.300329 0.89936
630 423 -0.103093 0.80467 -1.89786 -0.399833 -0.300883 0.899779
584 393 -0.103357 0.801704 -2.09919 -0.402155 -0.301984 0.898375
553 371 -0.105356 0.802768 -2.2988 -0.401157 -0.298283 0.900056
331 -39 0.402139 -0.205113 -1.899 -0.399757 -0.30085 0.899824
337 0 0.400688 -0.200375 -2.09983 -0.399617 -0.30077 0.899913
338 31 0.397509 -0.196361 -2.30075 -0.401682 -0.297414 0.900109
356 199 0.399268 0.301615 -1.8999 -0.40054 -0.29864 0.900212
355 204 0.402513 0.300079 -2.09951 -0.399753 -0.30237 0.899317
356 207 0.399419 0.302002 -2.29984 -0.399375 -0.300309 0.900174
381 442 0.401497 0.799858 -1.89974 -0.3992 -0.300489 0.900192
375 411 0.401273 0.803749 -2.09832 -0.401817 -0.298813 0.899585
373 384 0.400647 0.801787 -2.29926 -0.401091 -0.29938 0.899721
95 -14 0.901494 -0.20025 -1.89927 -0.398444 -0.299582 0.900829
135 22 0.898727 -0.196019 -2.10092 -0.400065 -0.299702 0.90007
161 50 0.898453 -0.198498 -2.30073 -0.39964 -0.302321 0.899383
118 225 0.897916 0.300578 -1.90089 -0.398878 -0.300179 0.900438
151 223 0.899396 0.30034 -2.10021 -0.401162 -0.299095 0.899784
177 224 0.900053 0.299797 -2.30001 -0.400925 -0.299486 0.89976
141 465 0.896831 0.803293 -1.90011 -0.400696 -0.299166 0.899968
171 428 0.906298 0.797709 -2.09816 -0.400442 -0.300407 0.899668
194 402 0.894468 0.797964 -2.30286 -0.400088 -0.300427 0.899818
580 -69 -0.0977115 -0.495542 -1.90129 -0.398504 -0.000397983 0.900663
542 -21 -0.103723 -0.49661 -2.10062 -0.400685 0.000241717 0.899695
517 11 -0.0975462 -0.502799 -2.2995 -0.399666 0.00181578 0.900147
606 174 -0.102833 -0.000579819 -1.89985 -0.400352 -0.00025764 0.899843
562 181 -0.0975291 -0.00305448 -2.10011 -0.400096 -0.00019195 0.899957
533 190 -0.0994853 -0.00420199 -2.30002 -0.400044 -0.000478553 0.89998
628 422 -0.101276 0.500172 -1.89989 -0.399851 -0.000823731 0.900066
584 392 -0.0939186 0.496155 -2.10119 -0.400023 -9.64936e-006 0.89999
554 369 -0.100174 0.499713 -2.30005 -0.399971 -4.98437e-005 0.900013
331 -39 0.400459 -0.504941 -1.8986 -0.399995 -0.000477101 0.900002
334 2 0.399996 -0.500458 -2.09989 -0.398858 -0.000936366 0.900506
336 27 0.404581 -0.50117 -2.29894 -0.400891 0.00239972 0.8996
357 202 0.398905 0.000826381 -1.90023 -0.400234 0.000338851 0.899896
354 203 0.400318 0.000843302 -2.09994 -0.399842 -0.000516211 0.90007
352 208 0.396846 0.00358595 -2.30054 -0.400571 5.2045e-005 0.899746
384 444 0.399102 0.499436 -1.90034 -0.400629 0.000122564 0.89972
377 412 0.398842 0.504669 -2.0991 -0.400773 0.000650412 0.899656
372 386 0.405231 0.500956 -2.29888 -0.402019 0.00128906 0.899099
97 -15 0.899652 -0.500091 -1.90014 -0.399651 0.000672961 0.900155
134 22 0.899417 -0.500094 -2.10023 -0.39832 -9.04338e-005 0.900745
161 49 0.898145 -0.507172 -2.29915 -0.399823 -0.000126036 0.900079
118 225 0.900279 -0.000345009 -1.89987 -0.399869 -0.00185307 0.900056
153 225 0.903341 0.00543546 -2.09856 -0.39944 -0.000286197 0.900249
176 225 0.900614 0.00186437 -2.29976 -0.399958 -0.00256857 0.900015
139 467 0.897665 0.501146 -1.9008 -0.399993 2.43287e-005 0.900003
173 431 0.902266 0.50207 -2.09853 -0.399708 -0.000651389 0.90013
194 401 0.899579 0.500659 -2.30002 -0.40167 0.00248465 0.899252
578 -68 -0.0989912 -0.805547 -1.89771 -0.400804 0.298676 0.900083
541 -23 -0.106356 -0.797715 -2.10056 -0.397319 0.299485 0.901358
514 12 -0.0982337 -0.801311 -2.29962 -0.399016 0.302376 0.899642
603 175 -0.100818 -0.299879 -1.89998 -0.400302 0.300093 0.899835
564 183 -0.100862 -0.29937 -2.10005 -0.399998 0.300001 0.900001
533 191 -0.0951078 -0.294044 -2.30098 -0.399152 0.298488 0.900879
628 425 -0.100408 0.200418 -1.89993 -0.399896 0.300715 0.899808
584 392 -0.0989581 0.199398 -2.10011 -0.399766 0.298658 0.90055
554 370 -0.101103 0.197738 -2.30015 -0.399364 0.297588 0.901083
332 -40 0.400672 -0.801321 -1.8993 -0.400298 0.299771 0.899944
337 0 0.399143 -0.799693 -2.10028 -0.399202 0.297424 0.901209
336 29 0.404606 -0.796242 -2.3005 -0.397796 0.299822 0.901036
355 198 0.396156 -0.30235 -1.90043 -0.399072 0.300414 0.900274
353 203 0.399706 -0.300147 -2.10003 -0.400281 0.300078 0.899849
353 207 0.399982 -0.300772 -2.2999 -0.400508 0.302735 0.898858
381 444 0.400472 0.199539 -1.89995 -0.400078 0.298692 0.9004
378 411 0.398199 0.201051 -2.10024 -0.400194 0.300182 0.899853
374 386 0.398766 0.203664 -2.29989 -0.398327 0.298344 0.901291
97 -15 0.896437 -0.80251 -1.90063 -0.399981 0.300931 0.899697
134 23 0.900797 -0.80063 -2.09942 -0.400585 0.300432 0.899595
160 48 0.901062 -0.799388 -2.2998 -0.400359 0.300541 0.89966
115 224 0.899478 -0.301424 -1.90002 -0.399921 0.301131 0.899658
150 223 0.899697 -0.299474 -2.10021 -0.398319 0.299871 0.900788
175 226 0.900493 -0.298499 -2.3 -0.39995 0.29945 0.900205
138 466 0.900714 0.198775 -1.89979 -0.40007 0.299901 0.900002
173 429 0.905525 0.200458 -2.09758 -0.39925 0.300841 0.900052
194 402 0.899175 0.198888 -2.30042 -0.399463 0.299852 0.900288
576 -69 -0.500846 -0.2007 -1.8997 -6.49596e-006 -0.300411 0.899863
542 -22 -0.497824 -0.201929 -2.10033 -0.000323515 -0.29877 0.900409
513 12 -0.501111 -0.202105 -2.29957 -0.000804826 -0.300192 0.899936
606 176 -0.496679 0.304757 -1.90011 -0.000219754 -0.299914 0.900029
562 181 -0.502363 0.298476 -2.09965 -0.000667227 -0.30092 0.899693
532 190 -0.500025 0.299731 -2.30003 9.31702e-005 -0.297912 0.900693
630 423 -0.500666 0.800788 -1.89949 5.28865e-005 -0.300009 0.899997
586 392 -0.500321 0.799094 -2.10027 0.000106578 -0.29819 0.900601
552 369 -0.496471 0.797434 -2.30165 0.000900651 -0.299829 0.900056
332 -42 -0.0019165 -0.199742 -1.90003 -3.39194e-005 -0.300477 0.899841
336 2 0.00437441 -0.200737 -2.09993 0.0007027 -0.300428 0.899857
336 29 5.75322e-005 -0.20032 -2.29997 0.000844193 -0.300459 0.899846
356 200 -0.000618093 0.29907 -1.90015 -6.88969e-005 -0.301188 0.899603
355 205 0.000880662 0.300537 -2.09992 0.00105322 -0.298476 0.900506
352 206 0.00084958 0.30071 -2.29991 -0.00103644 -0.299439 0.900186
381 444 -9.50288e-005 0.799972 -1.90001 -1.19331e-006 -0.29999 0.900003
377 409 -0.00347088 0.800481 -2.09981 -0.000428225 -0.299504 0.900165
370 384 -0.000815195 0.800064 -2.29998 -0.000224644 -0.297853 0.900713
96 -11 0.49933 -0.199222 -1.90026 0.000218328 -0.299258 0.900247
132 22 0.500098 -0.20045 -2.09993 0.000192665 -0.299657 0.900114
161 51 0.499509 -0.201615 -2.29997 -0.00121283 -0.299906 0.90003
117 223 0.499741 0.299695 -1.90012 -0.0013037 -0.299165 0.900277
151 226 0.500243 0.296108 -2.10049 -7.64308e-006 -0.299046 0.900317
178 225 0.493636 0.301583 -2.30117 -0.00255075 -0.299742 0.900082
140 465 0.499138 0.800811 -1.89989 -0.000506066 -0.299029 0.900323
173 429 0.502581 0.801433 -2.09884 -0.00115552 -0.300664 0.899778
195 401 0.499229 0.799685 -2.30028 -0.00185162 -0.29983 0.900055
579 -68 -0.497403 -0.499852 -1.90072 -0.000108371 -0.000875449 0.9
543 -23 -0.495203 -0.503238 -2.10036 -0.000117554 -0.00224714 0.899997
516 11 -0.501144 -0.500655 -2.29961 0.00179942 0.000751543 0.899998
604 176 -0.497864 -0.000361753 -1.90056 -2.89619e-006 -0.000437288 0.9
565 185 -0.499986 1.09083e-005 -2.1 -2.36308e-005 -0.000510618 0.9
534 189 -0.49988 -0.000767148 -2.30003 0.000280864 -0.00116774 0.899999
630 423 -0.499261 0.499958 -1.90021 0.000299801 0.000903681 0.899999
587 391 -0.500153 0.501553 -2.09959 0.000412917 0.000230008 0.9
553 369 -0.501671 0.500127 -2.29961 0.00144663 -0.000939023 0.899998
333 -43 0.0016579 -0.497011 -1.90078 -0.000140191 0.000301833 0.9
336 1 -0.00363965 -0.496948 -2.10072 0.00200332 -0.000359872 0.899998
338 31 -4.07064e-005 -0.500003 -2.3 5.95432e-005 0.00124661 0.899999
355 200 -0.000271225 0.000294323 -1.9 -0.000715806 -0.000205405 0.9
357 204 -0.00172651 0.00603279 -2.09999 0.000793313 0.000600233 0.899999
352 209 -0.000464136 -0.000233084 -2.3 -0.000468621 -0.00162283 0.899998
380 444 0.00416727 0.499784 -1.90005 0.00012073 -7.71682e-005 0.9
377 408 0.00244306 0.494763 -2.10124 0.00123391 0.00133914 0.899998
373 387 0.000513381 0.505314 -2.29884 -0.000665297 -0.00175909 0.899998
95 -15 0.500344 -0.500738 -1.89972 -6.76778e-006 -0.000189452 0.9
133 21 0.500585 -0.498641 -2.10018 0.00124759 -0.000278167 0.899999
161 49 0.500063 -0.500748 -2.29982 0.000292217 0.000747073 0.9
118 224 0.498629 0.00109553 -1.90036 0.00123671 0.000242539 0.899999
151 225 0.498475 -0.00122466 -2.10036 0.000788842 -0.000841636 0.899999
178 227 0.500002 0.00373814 -2.3 0.000558714 0.000524188 0.9
140 463 0.500286 0.498041 -1.90044 -0.000114346 -0.00108969 0.899999
170 429 0.500364 0.501565 -2.09954 0.00107743 -0.000193196 0.899999
194 400 0.499088 0.499162 -2.30038 5.88918e-005 -0.00178708 0.899998
578 -71 -0.499768 -0.799956 -1.90008 -0.000798734 0.299865 0.900045
542 -23 -0.503681 -0.795055 -2.101 -0.000329199 0.30087 0.899709
514 12 -0.500371 -0.805523 -2.29799 -0.000198124 0.299003 0.900332
603 175 -0.496083 -0.300462 -1.90095 0.00077231 0.301463 0.899511
563 183 -0.499504 -0.299598 -2.10018 0.000234085 0.299713 0.900095
535 191 -0.497698 -0.300143 -2.30048 -0.00109096 0.299795 0.900068
628 423 -0.495856 0.199159 -1.90117 -0.000971978 0.300604 0.899798
585 392 -0.500042 0.194717 -2.10049 -0.00196666 0.299026 0.900322
552 369 -0.501849 0.195496 -2.29998 0.000789252 0.299156 0.900281
333 -41 -0.00168885 -0.799756 -1.9001 -0.00120518 0.301833 0.899386
334 2 0.00467008 -0.80118 -2.09954 0.000325856 0.299746 0.900085
336 28 -0.00184164 -0.801443 -2.2995 0.000677765 0.299267 0.900244
357 199 -0.000378086 -0.300343 -1.89995 -9.31152e-005 0.299629 0.900124
355 206 0.00279141 -0.302159 -2.09969 0.00118397 0.299281 0.900238
355 207 -0.00077437 -0.301238 -2.29984 -0.00030261 0.299672 0.900109
382 444 -0.0005792 0.193576 -1.90067 -0.000240078 0.300042 0.899986
374 408 0.00136105 0.199775 -2.10002 0.00195831 0.300501 0.899831
372 384 -0.00131059 0.201129 -2.2999 0.000505317 0.301134 0.899621
93 -15 0.501021 -0.80289 -1.89851 -0.000269443 0.301022 0.899659
131 23 0.502085 -0.794333 -2.10165 -1.87244e-005 0.300041 0.899986
162 50 0.500411 -0.799982 -2.29992 -0.000305876 0.301603 0.899464
119 225 0.500234 -0.301004 -1.89978 -7.08098e-005 0.300239 0.89992
152 225 0.499681 -0.294007 -2.10092 -0.00113212 0.300529 0.899823
179 224 0.500121 -0.300013 -2.29997 -0.000123391 0.299963 0.900012
142 464 0.499608 0.197948 -1.90032 -0.0010081 0.300099 0.899966
173 429 0.502596 0.200909 -2.09929 0.00121441 0.301852 0.89938
195 401 0.499946 0.195872 -2.30037 -0.000185261 0.301522 0.899491
580 -68 -0.898689 -0.20203 -1.90041 0.399702 -0.300301 0.900032
541 -24 -0.896018 -0.199743 -2.10173 0.400243 -0.299685 0.899997
516 10 -0.902572 -0.200982 -2.29891 0.400017 -0.299993 0.899995
604 173 -0.898214 0.297974 -1.90116 0.400665 -0.298753 0.900119
566 185 -0.900847 0.299847 -2.09966 0.40077 -0.30094 0.899343
535 189 -0.898286 0.293152 -2.30155 0.401083 -0.300956 0.899199
632 423 -0.900489 0.799278 -1.90007 0.40232 -0.297561 0.899776
584 390 -0.899962 0.799994 -2.10002 0.398929 -0.301331 0.900031
551 368 -0.895868 0.805504 -2.29969 0.399749 -0.29992 0.900138
333 -42 -0.399844 -0.198334 -1.90021 0.400217 -0.299764 0.899982
335 -2 -0.396829 -0.199002 -2.1007 0.400671 -0.298675 0.900142
335 29 -0.402264 -0.202324 -2.2994 0.39919 -0.300592 0.900162
357 199 -0.401016 0.300526 -1.8997 0.401411 -0.300827 0.899095
355 206 -0.395964 0.298426 -2.10099 0.399234 -0.299897 0.900374
355 207 -0.400084 0.29756 -2.3003 0.3991 -0.301879 0.899771
382 444 -0.399498 0.799296 -1.9004 0.401319 -0.302627 0.898532
375 412 -0.398351 0.797984 -2.10108 0.399273 -0.302729 0.899409
370 388 -0.396463 0.806196 -2.29845 0.400623 -0.299475 0.899898
94 -13 0.101712 -0.199813 -1.89993 0.399025 -0.300005 0.900431
132 22 0.100224 -0.199917 -2.1 0.399586 -0.300718 0.899944
159 50 0.0948202 -0.199239 -2.30029 0.399156 -0.298481 0.90088
119 225 0.0963559 0.301307 -1.89998 0.399162 -0.300891 0.900074
154 223 0.0990686 0.301611 -2.09981 0.401204 -0.299896 0.899498
175 223 0.10413 0.304413 -2.29924 0.400147 -0.299061 0.900247
140 465 0.0988443 0.79871 -1.9006 0.398599 -0.298184 0.901224
172 431 0.0983387 0.797221 -2.10113 0.399749 -0.300411 0.899974
193 403 0.098578 0.800362 -2.29994 0.399774 -0.299636 0.900222
578 -70 -0.89783 -0.50166 -1.90059 0.400481 0.00234477 0.899783
542 -25 -0.900211 -0.499493 -2.10003 0.398974 -0.000602149 0.900455
514 12 -0.899447 -0.50082 -2.30004 0.3985 0.00159814 0.900664
604 176 -0.901958 0.00406758 -1.89907 0.399774 -0.000556565 0.9001
564 184 -0.897675 0.00101258 -2.10099 0.400683 -0.000420399 0.899696
533 187 -0.89929 -0.0012439 -2.30028 0.400049 -7.24883e-005 0.899978
630 422 -0.898873 0.501498 -1.90014 0.399754 -0.000744719 0.900109
586 393 -0.899446 0.499043 -2.10047 0.400072 -5.76835e-005 0.899968
553 368 -0.899381 0.49898 -2.30046 0.39881 0.000389802 0.900528
331 -41 -0.400355 -0.502898 -1.89916 0.402023 0.000195462 0.899098
335 1 -0.400457 -0.499965 -2.09992 0.40069 0.00164454 0.899691
337 29 -0.39879 -0.500443 -2.30011 0.399578 -0.000374039 0.900187
357 198 -0.402031 -0.000650668 -1.89957 0.399564 1.61123e-005 0.900194
357 202 -0.400168 -0.000525283 -2.09997 0.400279 -0.00114711 0.899875
354 209 -0.400634 -0.000363594 -2.29989 0.399967 -0.000114919 0.900015
382 442 -0.400197 0.499429 -1.90011 0.4 -5.97009e-006 0.9
376 410 -0.398286 0.497203 -2.10099 0.399794 4.84946e-005 0.900091
374 384 -0.398367 0.498018 -2.30071 0.399917 -0.000197526 0.900037
93 -14 0.102853 -0.496205 -1.90084 0.400664 0.00300083 0.8997
135 24 0.0995218 -0.496547 -2.10084 0.399034 -0.000500274 0.900429
161 51 0.100308 -0.500186 -2.29995 0.400034 -1.34015e-005 0.899985
115 226 0.101285 -0.000681923 -1.89993 0.397526 0.000544572 0.901095
154 224 0.101663 0.000491682 -2.09992 0.401323 -0.00204524 0.899408
175 224 0.0996548 0.000944476 -2.30001 0.400036 -0.000484929 0.899984
142 463 0.102607 0.500652 -1.89969 0.399832 0.00043445 0.900075
173 431 0.0992246 0.496665 -2.10083 0.399938 0.000140873 0.900028
194 403 0.0980785 0.496236 -2.3009 0.400056 0.000515202 0.899975
578 -71 -0.898895 -0.79872 -1.90106 0.400013 0.299817 0.900055
544 -25 -0.898089 -0.800312 -2.1007 0.398018 0.301721 0.900304
517 11 -0.907587 -0.801321 -2.29656 0.40224 0.299241 0.899254
603 174 -0.900117 -0.299826 -1.89997 0.400804 0.298052 0.900289
564 185 -0.89701 -0.296625 -2.10176 0.399552 0.301569 0.899674
536 190 -0.89941 -0.300659 -2.30014 0.400038 0.299926 0.900008
631 425 -0.899318 0.200497 -1.90027 0.400921 0.300708 0.899354
586 390 -0.899454 0.19868 -2.10036 0.401267 0.298647 0.899886
552 370 -0.895452 0.200585 -2.30172 0.399297 0.298035 0.900965
334 -42 -0.399504 -0.799493 -1.90032 0.400231 0.300496 0.899732
333 2 -0.401294 -0.800885 -2.09942 0.401822 0.298513 0.899683
335 30 -0.400031 -0.800315 -2.29988 0.398854 0.302098 0.899807
357 198 -0.406129 -0.299649 -1.89875 0.399989 0.300051 0.899988
354 205 -0.401325 -0.298716 -2.09993 0.399125 0.299729 0.900479
356 207 -0.400276 -0.299578 -2.30001 0.400948 0.301144 0.899195
382 444 -0.401431 0.19809 -1.8999 0.398791 0.297853 0.901249
374 408 -0.39942 0.203299 -2.09979 0.398354 0.30237 0.899937
370 385 -0.399716 0.200314 -2.30002 0.397236 0.301129 0.900847
95 -11 0.0994195 -0.803901 -1.89838 0.399415 0.299644 0.900378
133 20 0.102546 -0.799686 -2.1 0.401435 0.299633 0.899483
161 49 0.0988044 -0.797266 -2.301 0.400631 0.29968 0.899826
117 225 0.0994051 -0.300141 -1.90001 0.399994 0.299994 0.900005
150 222 0.100722 -0.299749 -2.1 0.401095 0.299716 0.899607
177 224 0.100268 -0.302988 -2.2996 0.399693 0.300469 0.89998
142 465 0.102561 0.205229 -1.89931 0.399794 0.298939 0.900445
169 430 0.100758 0.203031 -2.09967 0.400025 0.299254 0.900237
192 404 0.101595 0.205115 -2.29948 0.400663 0.300929 0.899395
576 -71 -0.102874 -0.203284 -2.19957 -0.399619 -0.301185 1.19983
543 -23 -0.0999374 -0.201787 -2.39985 -0.399897 -0.300289 1.19996
517 9 -0.0999852 -0.19998 -2.6 -0.399183 -0.302484 1.19965
603 175 -0.102271 0.301334 -2.19971 -0.398186 -0.298703 1.20093
563 183 -0.102045 0.302724 -2.39957 -0.402709 -0.300817 1.19889
532 187 -0.0990112 0.295611 -2.60054 -0.400198 -0.300001 1.19993
631 423 -0.0996316 0.794814 -2.2019 -0.399981 -0.29997 1.20001
588 391 -0.0992182 0.806613 -2.39782 -0.400056 -0.300169 1.19994
552 369 -0.0995582 0.796281 -2.60116 -0.401982 -0.298278 1.19977
332 -40 0.395429 -0.202859 -2.20056 -0.398818 -0.300454 1.20028
334 2 0.398949 -0.206859 -2.39959 -0.399808 -0.300332 1.19998
336 29 0.400001 -0.199807 -2.60001 -0.400495 -0.299402 1.19998
356 198 0.400103 0.299843 -2.2 -0.400341 -0.298093 1.20036
355 206 0.400554 0.295612 -2.40045 -0.399671 -0.296969 1.20086
353 207 0.400702 0.300775 -2.5998 -0.399182 -0.299919 1.20029
382 443 0.396122 0.796658 -2.20191 -0.39999 -0.299954 1.20002
378 409 0.402278 0.800792 -2.39936 -0.399918 -0.300091 1.2
371 385 0.398669 0.801318 -2.5998 -0.399439 -0.300147 1.20015
97 -11 0.900562 -0.200022 -2.19977 -0.39977 -0.299882 1.20011
134 20 0.903289 -0.20058 -2.39872 -0.400084 -0.296619 1.20081
163 49 0.900178 -0.200089 -2.59993 -0.40144 -0.299516 1.19964
116 224 0.900056 0.29857 -2.20017 -0.400928 -0.298075 1.20017
152 223 0.903988 0.299453 -2.39857 -0.401361 -0.299607 1.19964
176 224 0.902082 0.309034 -2.59822 -0.398797 -0.304134 1.19936
141 465 0.900085 0.798867 -2.20038 -0.398171 -0.298678 1.20094
170 427 0.901199 0.805088 -2.39785 -0.399739 -0.302571 1.19944
192 400 0.90755 0.798897 -2.59771 -0.398447 -0.30039 1.20042
578 -70 -0.0936797 -0.499962 -2.20029 -0.400617 0.00278212 1.19979
542 -23 -0.101238 -0.498114 -2.40034 -0.401443 -0.00334765 1.19951
517 10 -0.0985623 -0.503332 -2.59941 -0.399683 -0.00184521 1.2001
604 176 -0.096934 -0.00120637 -2.20014 -0.399064 0.00189146 1.20031
564 183 -0.0990398 -0.000324354 -2.40004 -0.400589 0.0015995 1.1998
534 190 -0.100044 -0.000124213 -2.6 -0.399698 0.0034816 1.2001
631 425 -0.100364 0.506469 -2.1985 -0.400208 -0.000496795 1.19993
586 392 -0.101045 0.504729 -2.39897 -0.399817 8.07686e-005 1.20006
555 369 -0.097897 0.501684 -2.59976 -0.399987 -1.68279e-005 1.2
335 -41 0.398885 -0.503442 -2.19942 -0.398618 -0.00162849 1.20046
337 1 0.398409 -0.499259 -2.40042 -0.399801 0.00113954 1.20007
337 29 0.395257 -0.501951 -2.60035 -0.397935 -0.000890421 1.20069
357 200 0.400196 0.000521851 -2.19996 -0.403801 0.000498006 1.19873
357 202 0.400261 0.00459037 -2.39995 -0.401015 -0.00184283 1.19966
354 209 0.400069 0.00171307 -2.59999 -0.40012 -0.00395697 1.19995
381 444 0.399815 0.498413 -2.20039 -0.399867 -0.000894552 1.20004
378 410 0.396654 0.50184 -2.40017 -0.401702 -0.00122916 1.19943
371 387 0.400222 0.499112 -2.60014 -0.400016 2.00814e-005 1.19999
95 -15 0.900921 -0.498161 -2.20004 -0.399815 -0.000258808 1.20006
131 21 0.899926 -0.504469 -2.39909 -0.398896 0.0013727 1.20037
159 49 0.899926 -0.499725 -2.60008 -0.399929 -0.00143032 1.20002
117 224 0.899608 0.00221403 -2.20016 -0.399883 0.00348417 1.20003
152 222 0.900032 -0.000362427 -2.39999 -0.400035 0.00259447 1.19999
177 225 0.899902 0.000804406 -2.60003 -0.40061 0.000525979 1.1998
140 465 0.898516 0.504666 -2.19954 -0.400733 0.00318988 1.19975
173 427 0.90264 0.499686 -2.39907 -0.401401 -0.000959052 1.19953
193 403 0.902106 0.505366 -2.59823 -0.401239 -0.00192051 1.19958
578 -67 -0.101064 -0.796988 -2.20104 -0.402292 0.29883 1.19953
540 -23 -0.0997361 -0.799616 -2.40014 -0.399914 0.297911 1.20055
514 10 -0.0994646 -0.801543 -2.59955 -0.398757 0.301486 1.20004
602 173 -0.101717 -0.300184 -2.1999 -0.400001 0.29815 1.20046
566 185 -0.100202 -0.299857 -2.40001 -0.398591 0.29939 1.20062
534 188 -0.0986969 -0.303128 -2.59969 -0.40039 0.296704 1.20069
631 424 -0.0964157 0.198 -2.20034 -0.400002 0.299966 1.20001
588 394 -0.101215 0.202149 -2.39977 -0.397727 0.300624 1.2006
551 369 -0.100552 0.200295 -2.59996 -0.400007 0.300014 1.19999
333 -41 0.397912 -0.798946 -2.20076 -0.400385 0.301337 1.19954
336 0 0.400032 -0.800015 -2.39999 -0.401202 0.299256 1.19978
338 28 0.40132 -0.803122 -2.59883 -0.397451 0.297475 1.20147
358 201 0.404258 -0.298491 -2.19943 -0.399172 0.302374 1.19968
354 203 0.399012 -0.297998 -2.40041 -0.402159 0.300765 1.19909
355 209 0.39305 -0.296896 -2.60142 -0.399953 0.30009 1.19999
381 446 0.400032 0.199978 -2.2 -0.400096 0.299797 1.20002
378 408 0.401107 0.199867 -2.39983 -0.400609 0.299054 1.20003
370 385 0.401568 0.197298 -2.59996 -0.400487 0.299763 1.1999
95 -11 0.897832 -0.803734 -2.19952 -0.400665 0.296136 1.20074
131 20 0.90064 -0.800446 -2.39961 -0.398851 0.300235 1.20032
159 50 0.898196 -0.79807 -2.60122 -0.399922 0.300071 1.20001
116 223 0.899974 -0.30026 -2.19998 -0.400003 0.30023 1.19994
153 224 0.89971 -0.300299 -2.40007 -0.401447 0.298634 1.19986
175 225 0.903436 -0.300188 -2.59879 -0.400524 0.300673 1.19966
140 467 0.896489 0.202615 -2.20119 -0.399232 0.300238 1.2002
171 427 0.902454 0.198848 -2.39917 -0.399358 0.298349 1.20063
194 404 0.89917 0.195868 -2.6006 -0.401097 0.301143 1.19935
580 -67 -0.499851 -0.200493 -2.19999 0.00220687 -0.30211 1.19947
542 -24 -0.500185 -0.193233 -2.40052 4.37818e-005 -0.301391 1.19965
515 11 -0.499613 -0.196763 -2.60032 0.00272557 -0.298182 1.20045
606 173 -0.500593 0.300867 -2.19975 0.00026548 -0.300693 1.19983
562 184 -0.499979 0.300082 -2.39999 -0.000905326 -0.29943 1.20014
533 190 -0.499756 0.297125 -2.60038 -0.00166978 -0.300859 1.19978
630 424 -0.497863 0.79748 -2.2014 -0.00173553 -0.300721 1.19982
584 391 -0.505 0.795955 -2.4003 0.000609663 -0.299266 1.20018
555 369 -0.499205 0.799736 -2.60023 0.00075611 -0.29977 1.20006
332 -39 0.000422995 -0.200246 -2.19998 0.000443321 -0.298707 1.20032
336 0 9.27474e-005 -0.206106 -2.39948 0.000802964 -0.300827 1.19979
338 29 0.00509119 -0.203648 -2.59971 8.02834e-005 -0.303829 1.19904
356 198 -0.00383397 0.302927 -2.1996 -0.00125295 -0.300622 1.19984
355 203 0.000658292 0.301992 -2.39975 -1.34596e-005 -0.299719 1.20007
356 206 0.00202447 0.299879 -2.60001 -0.00141107 -0.300574 1.19986
382 446 0.000481648 0.798509 -2.20054 0.000485985 -0.300253 1.19994
376 412 -0.000994212 0.801636 -2.39945 -0.000688685 -0.30151 1.19962
373 385 0.00204395 0.799533 -2.60014 -0.000163659 -0.300135 1.19997
94 -13 0.498897 -0.200542 -2.2002 0.000321319 -0.298381 1.2004
135 23 0.499912 -0.199755 -2.40004 0.000368279 -0.300955 1.19976
159 51 0.501028 -0.198513 -2.59992 -0.000475797 -0.300003 1.2
117 222 0.498185 0.301771 -2.20017 0.000559816 -0.300115 1.19997
151 226 0.499995 0.300308 -2.39996 -0.000169822 -0.299985 1.2
179 225 0.500561 0.30001 -2.59989 -0.00180429 -0.298944 1.20026
140 466 0.498623 0.799887 -2.20035 5.69559e-005 -0.301542 1.19961
173 430 0.503347 0.800741 -2.39905 -0.000270055 -0.29998 1.20001
195 404 0.497963 0.801904 -2.5998 0.000381295 -0.30093 1.19977
579 -70 -0.497069 -0.500797 -2.20048 -0.00222719 0.00168367 1.2
542 -23 -0.499975 -0.500057 -2.39999 -0.000124542 -0.000805724 1.2
515 9 -0.498331 -0.501801 -2.59997 7.6901e-005 0.000171982 1.2
603 173 -0.500805 0.000827999 -2.19982 -0.000254543 0.000349001 1.2
564 182 -0.500794 -0.00398144 -2.39983 0.00125264 0.000698549 1.2
532 189 -0.504486 0.00228288 -2.59913 0.00159077 0.000650582 1.2
631 423 -0.499269 0.502122 -2.19968 -0.00204795 0.00256269 1.2
588 394 -0.499021 0.50456 -2.39925 -0.000541852 -0.0028731 1.2
553 367 -0.504105 0.49961 -2.59928 -0.000409479 0.000464245 1.2
332 -43 0.00364665 -0.494892 -2.20115 -0.00257506 -0.00188622 1.2
337 -1 0.00327186 -0.494804 -2.40107 -0.000736903 -0.000222271 1.2
338 28 0.00245735 -0.496251 -2.60072 -0.000598368 -0.00129315 1.2
357 202 0.000202706 -0.000371005 -2.2 0.000549148 -0.00102137 1.2
353 205 0.00696841 -0.00159495 -2.39999 0.000289689 -0.000603535 1.2
352 209 0.00486311 0.0011583 -2.6 -9.95611e-005 -0.00126765 1.2
382 444 -0.00084976 0.500946 -2.19978 0.00253375 -0.00141888 1.2
374 408 0.00293185 0.499009 -2.4002 0.00215453 0.00207507 1.2
370 386 -0.0011229 0.499345 -2.60013 0.000674622 0.00097249 1.2
95 -15 0.505162 -0.502663 -2.19821 -0.000556326 -0.000724263 1.2
135 22 0.497507 -0.497829 -2.40097 -0.000532025 0.00218663 1.2
159 49 0.504031 -0.506186 -2.59802 0.00134743 -0.000403046 1.2
118 224 0.495211 -0.00245563 -2.20108 0.000136156 0.000461365 1.2
152 225 0.500482 -0.0011914 -2.3999 -8.61161e-005 0.000283912 1.2
175 226 0.500058 -0.00436012 -2.59999 7.53256e-005 0.00243199 1.2
140 467 0.503719 0.500912 -2.19894 0.000852544 0.000458824 1.2
171 429 0.502976 0.494513 -2.40052 0.00285819 -0.000573718 1.2
195 401 0.497125 0.497192 -2.60109 -0.000856651 -6.66302e-005 1.2
578 -69 -0.499095 -0.802681 -2.19923 -0.00148295 0.300713 1.19982
542 -23 -0.502388 -0.796571 -2.40064 5.09458e-006 0.299973 1.20001
516 11 -0.499894 -0.801126 -2.59967 -0.000387753 0.29941 1.20015
602 176 -0.504118 -0.296089 -2.19959 0.000644777 0.303311 1.19917
563 184 -0.500492 -0.300472 -2.39984 0.00120876 0.297878 1.20053
534 188 -0.499005 -0.30069 -2.60011 3.14167e-005 0.299818 1.20005
632 421 -0.500039 0.203203 -2.1997 -5.17147e-005 0.298073 1.20048
585 393 -0.498749 0.199602 -2.40029 -0.00145222 0.301071 1.19973
551 371 -0.50012 0.199784 -2.59999 -0.000678771 0.301547 1.19961
335 -42 0.00119434 -0.797124 -2.20104 0.000324514 0.300329 1.19992
335 0 0.00675826 -0.801692 -2.39943 -0.000224142 0.299725 1.20007
336 29 0.00413686 -0.799803 -2.60006 0.00137205 0.301015 1.19975
358 200 -8.68569e-005 -0.299233 -2.2001 3.95919e-005 0.30108 1.19973
355 204 0.0020705 -0.303936 -2.3995 0.00126874 0.29769 1.20057
354 206 0.00503711 -0.299278 -2.60008 -0.000897954 0.299959 1.20001
383 443 -0.00312084 0.205087 -2.19953 0.000734472 0.299481 1.20013
374 411 -0.000426938 0.199924 -2.40001 -0.00104715 0.302707 1.19932
372 385 0.0010224 0.199864 -2.60001 -0.000144137 0.29981 1.20005
95 -13 0.498834 -0.80238 -2.1994 7.49575e-005 0.300073 1.19998
133 22 0.504047 -0.796585 -2.40029 -0.000247379 0.300783 1.1998
163 48 0.497103 -0.801784 -2.60001 0.000858486 0.299812 1.20005
118 225 0.501981 -0.301763 -2.19931 4.80207e-005 0.298372 1.20041
151 224 0.502206 -0.295997 -2.40004 -0.00227768 0.30094 1.19976
177 225 0.498803 -0.300463 -2.60018 -0.00041273 0.300046 1.19999
142 467 0.499764 0.198615 -2.20018 0.000355496 0.299774 1.20006
171 430 0.499839 0.199475 -2.40008 0.000282931 0.302391 1.1994
194 404 0.494257 0.199463 -2.60114 -1.34169e-005 0.300017 1.2
577 -67 -0.899261 -0.20118 -2.20019 0.401199 -0.298439 1.19999
544 -21 -0.902297 -0.19609 -2.39946 0.400967 -0.300147 1.19964
516 8 -0.894855 -0.202558 -2.60158 0.399609 -0.300944 1.19989
606 175 -0.902127 0.301909 -2.19887 0.399423 -0.298811 1.20049
564 181 -0.902246 0.303521 -2.39871 0.400212 -0.299396 1.20008
536 187 -0.896243 0.297987 -2.60153 0.399268 -0.299853 1.20028
630 423 -0.904219 0.796464 -2.19955 0.39998 -0.299978 1.20001
587 392 -0.901838 0.798317 -2.39987 0.400119 -0.29794 1.20047
553 370 -0.9001 0.799457 -2.60013 0.398722 -0.300032 1.20042
335 -41 -0.399164 -0.205942 -2.1996 0.398236 -0.301283 1.20027
333 0 -0.399628 -0.200738 -2.4 0.398356 -0.299463 1.20068
336 27 -0.402564 -0.201816 -2.59946 0.400992 -0.300845 1.19946
355 199 -0.399987 0.296299 -2.2005 0.399571 -0.303118 1.19936
355 203 -0.401105 0.299059 -2.39993 0.39924 -0.299773 1.20031
355 206 -0.399593 0.302303 -2.5998 0.401254 -0.30199 1.19908
384 444 -0.400277 0.800279 -2.19985 0.400185 -0.300237 1.19988
376 408 -0.40149 0.79448 -2.40158 0.400548 -0.300107 1.19979
374 385 -0.39829 0.798483 -2.60073 0.399413 -0.303171 1.1994
94 -13 0.102061 -0.201502 -2.19977 0.4 -0.300005 1.2
131 21 0.0966043 -0.198317 -2.40028 0.397732 -0.301606 1.20035
162 48 0.10051 -0.200078 -2.59997 0.401146 -0.29907 1.19985
119 226 0.0993553 0.300306 -2.19999 0.399876 -0.29942 1.20019
152 222 0.100512 0.300001 -2.39998 0.401494 -0.298208 1.19995
177 225 0.098032 0.297242 -2.60039 0.399064 -0.299507 1.20043
138 467 0.100781 0.799986 -2.19997 0.397802 -0.301522 1.20035
170 427 0.099435 0.794724 -2.40178 0.402366 -0.301832 1.19875
194 403 0.102458 0.80532 -2.59826 0.400848 -0.301228 1.19941
577 -68 -0.903715 -0.499619 -2.19856 0.401128 -0.00131383 1.19962
541 -25 -0.900234 -0.498034 -2.40032 0.398264 0.00242811 1.20057
517 9 -0.899828 -0.499458 -2.60016 0.400324 -0.000668923 1.19989
603 176 -0.899701 9.24341e-005 -2.20012 0.398488 0.000288815 1.2005
566 183 -0.900898 0.00287887 -2.39966 0.400178 -0.000406351 1.19994
533 188 -0.8994 -0.0003941 -2.60021 0.401074 -0.00115106 1.19964
631 422 -0.900713 0.501211 -2.19943 0.400172 -0.00351193 1.19994
586 393 -0.901309 0.499279 -2.39966 0.401779 -0.00152271 1.1994
551 369 -0.896748 0.495227 -2.60204 0.399751 0.000847185 1.20008
331 -41 -0.398449 -0.497161 -2.20092 0.39926 0.000183972 1.20025
335 1 -0.400697 -0.500716 -2.39973 0.401343 0.00126529 1.19955
336 27 -0.405277 -0.498949 -2.59938 0.400362 0.00110065 1.19988
359 201 -0.394538 -0.00010056 -2.20099 0.399998 6.00464e-005 1.2
354 206 -0.401886 -0.00280156 -2.39968 0.399445 -0.000136231 1.20018
352 207 -0.398918 0.000179037 -2.60017 0.400669 0.00333924 1.19977
383 444 -0.399474 0.501416 -2.19977 0.401225 -0.00258739 1.19959
378 408 -0.399622 0.499463 -2.40017 0.399878 -0.000565361 1.20004
373 384 -0.395112 0.495849 -2.60154 0.39917 -0.00255048 1.20027
94 -13 0.102527 -0.503547 -2.19907 0.399946 -0.00260729 1.20002
132 20 0.0998149 -0.500841 -2.39983 0.401372 -0.00415911 1.19953
162 47 0.107106 -0.500166 -2.59969 0.399969 0.000267296 1.20001
117 224 0.0981826 0.00274505 -2.20008 0.400141 0.000364631 1.19995
153 224 0.0994368 -0.00259643 -2.40002 0.400003 -0.000207977 1.2
177 223 0.0964708 -0.0022668 -2.60013 0.40205 0.000218825 1.19931
139 464 0.0993224 0.496836 -2.20075 0.399846 -0.000625561 1.20005
169 430 0.100032 0.500166 -2.39996 0.400614 0.000852634 1.19979
194 401 0.0998262 0.502448 -2.59953 0.399327 -0.000587206 1.20022
576 -69 -0.901321 -0.801419 -2.19894 0.398949 0.300356 1.20026
541 -25 -0.900042 -0.800029 -2.39997 0.399777 0.301042 1.19981
515 8 -0.897904 -0.802302 -2.60002 0.400967 0.303596 1.19877
604 176 -0.902503 -0.299151 -2.19909 0.400193 0.298698 1.20026
562 184 -0.899789 -0.295732 -2.40061 0.39987 0.299996 1.20004
536 189 -0.898979 -0.299686 -2.60039 0.400121 0.302799 1.19926
630 423 -0.903131 0.201213 -2.19861 0.400121 0.299876 1.19999
588 393 -0.896882 0.204028 -2.40083 0.400027 0.297941 1.2005
555 370 -0.899562 0.201383 -2.60004 0.400096 0.300203 1.19992
333 -42 -0.399446 -0.799525 -2.20027 0.399656 0.297016 1.20086
335 0 -0.402089 -0.80281 -2.39871 0.399758 0.299518 1.2002
338 29 -0.40038 -0.79866 -2.60035 0.39971 0.300256 1.20003
356 200 -0.402579 -0.302714 -2.19916 0.399707 0.299564 1.20021
355 206 -0.402595 -0.294582 -2.40024 0.401016 0.300304 1.19958
354 207 -0.397236 -0.302855 -2.60009 0.397479 0.302682 1.20016
382 446 -0.40053 0.198807 -2.20001 0.398868 0.298257 1.20081
374 412 -0.400005 0.200503 -2.39996 0.399882 0.298307 1.20046
371 384 -0.402331 0.196313 -2.59992 0.400063 0.299569 1.20009
95 -13 0.105214 -0.800843 -2.19945 0.40049 0.298172 1.20029
134 24 0.103929 -0.799393 -2.40004 0.399516 0.29946 1.2003
161 49 0.0995922 -0.795302 -2.60146 0.400004 0.299742 1.20006
119 226 0.100305 -0.294028 -2.20079 0.401069 0.299531 1.19976
153 222 0.0951573 -0.302017 -2.39994 0.400886 0.298847 1.19999
178 225 0.100395 -0.305682 -2.59932 0.401094 0.301737 1.1992
140 465 0.103241 0.199146 -2.19993 0.400734 0.299453 1.19989
169 431 0.103118 0.203792 -2.39955 0.401548 0.30019 1.19944
193 404 0.101339 0.198719 -2.60005 0.400004 0.299999 1.2
0 0 0 1 0 0 0 
calibration result:
fitted value:0.0308669 0.0456338 0.102272 0.998649 0.00333237 0.0150986 0.0495739 
k:12803
judgement1 and judgement2:1.45839e-011 1.59142e-018
calibration time:20161.5ms
