48
536.703 536.819 328.442 221.513

554 297 0.00127678 0.69342 -1.40327 -0.296742 -0.502458 0.599567
570 476 0.0417772 0.975138 -1.41681 -0.28814 -0.511173 0.596387
79 341 0.867552 0.658436 -1.37979 -0.326543 -0.489339 0.594909
95 517 0.762212 1.01539 -1.40997 -0.331819 -0.48245 0.59761
555 295 -0.0273155 -0.282776 -1.40331 -0.298339 0.502313 0.598895
574 476 -0.0288104 0.0195962 -1.39957 -0.296804 0.504325 0.597966
79 342 0.807512 -0.281343 -1.39956 -0.309781 0.506259 0.589693
96 516 0.800861 -0.0111997 -1.39946 -0.313606 0.49283 0.598974
553 297 -0.61155 0.69178 -1.39909 0.294521 -0.501039 0.601845
573 478 -0.599739 1.00241 -1.39838 0.316976 -0.484897 0.603657
81 342 0.188752 0.662794 -1.41953 0.289019 -0.502346 0.603421
93 518 0.248987 0.966962 -1.41527 0.303958 -0.501173 0.597022
551 296 -0.582327 -0.318124 -1.40346 0.311946 0.490705 0.60158
572 478 -0.60053 -0.0481363 -1.39894 0.299172 0.496143 0.603605
80 341 0.202788 -0.298757 -1.39986 0.296588 0.500029 0.60167
95 516 0.221406 -0.0109746 -1.39673 0.299939 0.499984 0.600044
551 297 -0.00445434 0.697594 -1.70098 -0.299141 -0.489842 0.905853
572 479 -0.0240891 0.979211 -1.71189 -0.331191 -0.479063 0.90045
79 339 0.759474 0.732514 -1.70488 -0.324159 -0.506484 0.887916
96 517 0.86174 0.97285 -1.68552 -0.302181 -0.496446 0.901237
554 298 -0.000592873 -0.295752 -1.70074 -0.305899 0.50218 0.896795
570 478 -0.0248009 0.0130931 -1.69977 -0.296732 0.503403 0.899186
79 341 0.748972 -0.368076 -1.70984 -0.309975 0.501672 0.895679
95 518 0.801177 -0.00362767 -1.69944 -0.309935 0.474526 0.910365
553 296 -0.573772 0.699462 -1.70925 0.284206 -0.517603 0.895161
572 480 -0.599235 1.00084 -1.69977 0.299343 -0.506326 0.896676
78 340 0.204943 0.703624 -1.69791 0.302104 -0.506862 0.895446
95 519 0.262873 0.95695 -1.71614 0.333129 -0.499007 0.888829
554 295 -0.600375 -0.297768 -1.70026 0.300001 0.500956 0.899468
573 478 -0.630698 0.0255901 -1.68866 0.303588 0.51542 0.890043
78 340 0.213384 -0.286319 -1.70073 0.28545 0.507399 0.900591
95 518 0.182801 -0.00283215 -1.70193 0.300391 0.499647 0.900065
555 296 0.0078197 0.701705 -1.99939 -0.28445 -0.469912 1.21584
571 478 -0.0169178 0.999556 -2.00015 -0.293677 -0.499892 1.20161
77 343 0.867135 0.65117 -1.98848 -0.281474 -0.503446 1.20304
94 516 0.739407 1.03819 -2.00386 -0.33856 -0.51875 1.18164
553 296 -0.00527787 -0.312192 -1.99813 -0.30091 0.507441 1.19664
570 478 0.030842 0.0355189 -1.99945 -0.289675 0.498132 1.20331
78 342 0.796704 -0.310181 -1.99976 -0.317302 0.482588 1.20268
94 517 0.770441 0.0615316 -2.01063 -0.287577 0.512096 1.19794
555 295 -0.593214 0.707084 -1.99953 0.297172 -0.500314 1.20057
572 478 -0.577701 1.02586 -1.99346 0.29425 -0.545733 1.18135
79 343 0.165507 0.751723 -1.98432 0.28225 -0.502011 1.20346
93 520 0.192647 1.00966 -1.99586 0.305502 -0.509899 1.19443
551 296 -0.605142 -0.285576 -2.00056 0.314053 0.500555 1.19617
570 479 -0.631715 -0.0606785 -1.98928 0.291948 0.495132 1.204
81 339 0.235971 -0.277971 -1.99926 0.283607 0.498091 1.20477
94 516 0.232059 0.0207187 -1.99643 0.31352 0.510207 1.19222
0 0 0 1 0 0 0 
calibration result:
fitted value:-0.0782911 0.154908 0.0786356 0.994632 0.0471291 0.0613777 0.0679141 
k:16184
judgement1 and judgement2:2.64293e-010 8.67984e-014
calibration time:1855.2ms

实际设定数值 0.03,0.05,0.1,0.99863,0.005234,0.015701,0.04965