729
536.703 536.819 328.442 221.513
578 -67 -0.117704 -0.201849 -1.59856 -0.397344 -0.304793 0.599348
541 -25 -0.0883405 -0.191628 -1.80152 -0.396733 -0.306914 0.59867
513 8 -0.119137 -0.192084 -1.99973 -0.400513 -0.292944 0.603136
602 175 -0.0939534 0.307472 -1.59895 -0.399076 -0.301127 0.600051
564 182 -0.102149 0.300892 -1.79973 -0.398321 -0.302035 0.600096
534 188 -0.120493 0.310219 -1.99731 -0.402886 -0.304367 0.595856
630 423 -0.114393 0.788592 -1.60469 -0.399253 -0.306435 0.597239
587 390 -0.0878383 0.805817 -1.79804 -0.395412 -0.298894 0.603582
555 370 -0.101642 0.77486 -2.00979 -0.403545 -0.296642 0.599296
334 -43 0.400232 -0.199687 -1.59998 -0.400662 -0.299876 0.59962
333 -1 0.397974 -0.200219 -1.80042 -0.399585 -0.301597 0.599476
335 29 0.399751 -0.203595 -1.99969 -0.398601 -0.309678 0.596001
355 202 0.400114 0.30031 -1.59991 -0.399928 -0.299955 0.60007
353 206 0.399826 0.297907 -1.80039 -0.402401 -0.290618 0.603005
352 207 0.409915 0.306486 -1.99701 -0.402083 -0.293012 0.602058
383 444 0.399908 0.800367 -1.59984 -0.398864 -0.301162 0.600174
376 408 0.420527 0.802145 -1.79436 -0.406946 -0.294138 0.598229
374 385 0.392351 0.826718 -1.99063 -0.400674 -0.298293 0.600402
94 -12 0.901832 -0.19928 -1.59906 -0.402097 -0.295961 0.600604
133 20 0.902025 -0.194527 -1.79959 -0.397439 -0.293259 0.605014
163 47 0.899046 -0.200694 -2.00036 -0.400462 -0.301956 0.598709
115 225 0.89651 0.281531 -1.60531 -0.398904 -0.301169 0.600144
150 222 0.893668 0.316262 -1.80037 -0.401454 -0.299599 0.599229
175 225 0.906162 0.318562 -1.99434 -0.393826 -0.298097 0.605012
141 464 0.89308 0.811279 -1.5982 -0.398422 -0.296764 0.602653
171 431 0.901798 0.80042 -1.79891 -0.400185 -0.300448 0.599652
194 404 0.901964 0.812719 -1.99398 -0.402503 -0.301764 0.597436
580 -70 -0.119462 -0.504272 -1.59732 -0.399464 0.00118257 0.600356
542 -23 -0.105896 -0.507557 -1.79755 -0.401108 0.00498118 0.599239
515 10 -0.103157 -0.498557 -2.0002 -0.397323 -0.0051231 0.601754
604 176 -0.098491 -0.00668698 -1.60008 -0.404065 0.00048238 0.59727
564 184 -0.0999472 -0.0016756 -1.8 -0.401504 0.00831324 0.598937
535 187 -0.102024 -0.0140997 -1.99985 -0.399071 -0.00825472 0.600562
628 425 -0.0998031 0.507878 -1.59753 -0.400783 -0.000101634 0.599477
586 393 -0.0915648 0.509026 -1.79792 -0.398508 -0.00212194 0.600989
551 368 -0.100179 0.499568 -2.0001 -0.400002 0.00226058 0.599995
332 -39 0.395381 -0.502363 -1.60041 -0.397365 -0.00988026 0.601667
333 2 0.403613 -0.483597 -1.80367 -0.399588 -0.000224805 0.600274
338 29 0.408518 -0.502317 -1.9977 -0.400033 3.67346e-006 0.599978
357 200 0.400086 -0.00500256 -1.59997 -0.401333 0.00121696 0.599108
353 204 0.397736 0.0029813 -1.8005 -0.400126 -0.00176826 0.599913
354 207 0.388695 0.00351969 -2.00222 -0.400032 1.71064e-005 0.599978
384 444 0.408949 0.51024 -1.5945 -0.40078 -0.000810854 0.599479
378 410 0.380921 0.506587 -1.8023 -0.39877 0.00108369 0.600818
371 384 0.408934 0.510319 -1.99558 -0.401461 0.00707927 0.598981
96 -12 0.890038 -0.512676 -1.60156 -0.401053 0.00117282 0.599296
133 21 0.899454 -0.499081 -1.80053 -0.398625 0.00195221 0.600911
161 48 0.884016 -0.519785 -2.00208 -0.399467 0.00102299 0.600354
119 225 0.903668 0.00473636 -1.59792 -0.403568 0.000434121 0.597606
151 223 0.903688 0.00962608 -1.79813 -0.395892 0.00108789 0.602718
175 224 0.900581 0.00271325 -1.99974 -0.39881 0.00557587 0.600766
138 463 0.908079 0.496142 -1.59663 -0.396989 0.00739292 0.601951
171 431 0.900342 0.489795 -1.80263 -0.400385 0.00141159 0.599741
194 401 0.903115 0.502213 -1.99804 -0.408432 0.00308664 0.594284
576 -67 -0.0996338 -0.802321 -1.59886 -0.396078 0.297635 0.603768
540 -23 -0.0986589 -0.796971 -1.80142 -0.395963 0.299863 0.60274
516 11 -0.0893923 -0.807557 -1.99746 -0.398991 0.309126 0.596026
602 177 -0.0988118 -0.299499 -1.60017 -0.399546 0.29661 0.601985
563 181 -0.0931423 -0.296849 -1.80089 -0.400486 0.298986 0.600182
533 187 -0.0838237 -0.293966 -2.00164 -0.400532 0.297394 0.600942
628 424 -0.0885537 0.199897 -1.60069 -0.397273 0.308859 0.597311
584 393 -0.0962433 0.182657 -1.80205 -0.403329 0.300235 0.59765
552 368 -0.106751 0.205758 -1.99907 -0.403333 0.306447 0.594485
333 -41 0.407594 -0.806899 -1.59461 -0.399057 0.301412 0.599921
335 0 0.386089 -0.799354 -1.80332 -0.400463 0.300739 0.599321
336 27 0.406542 -0.792221 -2.00178 -0.400416 0.299945 0.59975
356 198 0.411261 -0.307463 -1.59572 -0.397713 0.301078 0.60098
355 206 0.399628 -0.298981 -1.80025 -0.400348 0.298148 0.600691
353 209 0.396145 -0.303075 -2.0003 -0.394009 0.300519 0.603693
381 444 0.398605 0.200463 -1.60029 -0.401504 0.302502 0.597735
378 409 0.388666 0.213345 -1.80095 -0.405042 0.296799 0.598206
373 384 0.398623 0.19768 -2.00051 -0.399861 0.295583 0.602281
93 -11 0.898585 -0.800179 -1.60071 -0.403451 0.297048 0.599158
131 20 0.898063 -0.808567 -1.79714 -0.398812 0.300845 0.600368
159 50 0.87854 -0.80303 -2.00831 -0.401819 0.300954 0.598305
115 224 0.898064 -0.302141 -1.60068 -0.400846 0.297947 0.600458
153 225 0.898028 -0.328128 -1.79607 -0.403383 0.290691 0.602313
176 226 0.892435 -0.299738 -2.00343 -0.404883 0.302438 0.595484
140 466 0.901262 0.19755 -1.59959 -0.395516 0.304972 0.600465
169 429 0.904084 0.199732 -1.79798 -0.392347 0.297376 0.606326
194 400 0.906532 0.204093 -1.99663 -0.39966 0.296997 0.601718
578 -68 -0.485184 -0.192863 -1.60543 0.00725306 -0.298341 0.600783
542 -23 -0.50168 -0.202213 -1.79929 -0.00269166 -0.295326 0.602308
515 9 -0.500849 -0.198044 -1.99998 1.19486e-005 -0.302883 0.59855
606 174 -0.511369 0.293711 -1.59757 -0.00475841 -0.296715 0.601613
565 185 -0.500835 0.30134 -1.79954 0.00767455 -0.294657 0.602593
533 190 -0.50555 0.313759 -1.99649 0.000172836 -0.298614 0.600691
632 421 -0.509552 0.787357 -1.60325 -0.000198224 -0.300301 0.59985
588 390 -0.495801 0.801378 -1.80055 0.00349476 -0.296944 0.601508
555 369 -0.49702 0.801934 -1.99997 -0.00592639 -0.303589 0.598162
335 -42 -0.00344142 -0.203611 -1.59954 -0.000414611 -0.298602 0.600697
335 0 -0.0176943 -0.214431 -1.79825 -0.00029633 -0.308347 0.595753
336 31 -0.00463469 -0.1991 -2.00008 0.00011652 -0.300339 0.59983
359 200 0.00142399 0.30025 -1.59995 -0.000197197 -0.30031 0.599845
354 206 0.0131615 0.296854 -1.80047 0.0038054 -0.303807 0.598069
356 207 -0.00610143 0.304482 -1.99931 0.00369826 -0.30371 0.598119
380 444 0.000348554 0.802358 -1.59882 -0.00172012 -0.299126 0.600434
374 408 0.00430276 0.786493 -1.80594 -0.00202152 -0.299205 0.600394
374 386 -0.0230272 0.808761 -1.99634 -0.00572956 -0.302676 0.598627
93 -12 0.499388 -0.196976 -1.60057 -0.00189126 -0.29937 0.600311
132 23 0.499747 -0.210924 -1.79882 -0.00145681 -0.299342 0.600327
159 49 0.501164 -0.202031 -1.9995 -0.0017398 -0.292721 0.603582
118 223 0.49946 0.310796 -1.59811 0.00289431 -0.300644 0.599671
152 226 0.499097 0.299361 -1.80036 0.00203264 -0.297964 0.60101
179 224 0.496438 0.307837 -1.9997 -0.000759311 -0.299389 0.600305
140 467 0.497481 0.806468 -1.59754 0.00377294 -0.300062 0.599957
171 427 0.502184 0.788849 -1.80431 -0.0055493 -0.297407 0.601264
196 400 0.498353 0.792534 -2.00338 -0.000530798 -0.29991 0.600045
578 -69 -0.498023 -0.50508 -1.59902 -0.00104908 0.00100932 0.599998
543 -23 -0.499665 -0.496835 -1.80097 -9.60493e-005 -3.05656e-005 0.6
517 10 -0.51433 -0.482769 -2.0006 -0.00245019 0.00459025 0.599977
604 173 -0.503533 -0.001877 -1.59889 -0.000117679 -0.0040844 0.599986
562 183 -0.498462 0.00985208 -1.8004 -0.00257768 0.00545613 0.59997
532 189 -0.490701 -0.0262191 -2.00213 -0.000648805 -0.00416581 0.599985
631 423 -0.502753 0.500497 -1.59898 -0.00295336 -0.00267432 0.599987
586 391 -0.4914 0.510085 -1.79954 0.00385159 -0.0014022 0.599986
551 370 -0.500007 0.476564 -2.00571 0.00144871 -0.00280287 0.599992
333 -41 0.00869058 -0.489996 -1.60307 -0.000577585 -0.000142229 0.6
337 -2 0.00191162 -0.507361 -1.79794 -0.00322742 0.00648241 0.599956
337 28 0.000153118 -0.500151 -1.99996 0.00344565 0.00236347 0.599985
358 200 -5.09884e-005 -0.00238202 -1.6 -0.00475037 -0.00223927 0.599977
353 204 -0.00923871 0.0175494 -1.79989 0.000127639 -0.000770748 0.599999
355 205 0.0134504 -0.0169126 -1.99988 0.00337461 -0.003651 0.599979
381 444 0.00602067 0.496924 -1.60095 -8.69978e-005 0.00115711 0.599999
375 410 0.00725628 0.482188 -1.80484 -0.0039444 -0.00479069 0.599968
371 385 -0.00681503 0.4821 -2.00438 0.00145329 0.00389472 0.599986
93 -14 0.505291 -0.511437 -1.59471 0.00117749 -0.00503084 0.599978
133 24 0.493534 -0.499545 -1.80191 -0.000883337 0.00468338 0.599981
159 49 0.49876 -0.499329 -2.00048 0.00410382 -0.00648165 0.599951
117 225 0.507728 0.00630219 -1.59755 -0.00384981 -0.00197776 0.599984
154 226 0.507698 0.0103806 -1.79781 0.00119303 0.00103417 0.599998
175 227 0.497348 -0.0221721 -2.00054 0.00123843 -0.00504359 0.599978
141 464 0.499944 0.499976 -1.60003 -0.00588107 0.00437774 0.599955
173 429 0.497721 0.502457 -1.79995 -0.0031107 0.000248371 0.599992
194 400 0.499733 0.486073 -2.0035 -0.000114712 -0.00233242 0.599995
580 -69 -0.505295 -0.805673 -1.59548 0.00183965 0.306208 0.596853
544 -25 -0.504858 -0.800039 -1.79863 -0.00252691 0.300356 0.599817
516 10 -0.500092 -0.790822 -2.00362 -0.000125593 0.298937 0.60053
605 175 -0.487967 -0.2953 -1.60458 -9.33081e-005 0.300299 0.599851
565 185 -0.508902 -0.307077 -1.79631 0.0090301 0.302197 0.598828
533 191 -0.499985 -0.299994 -2 -0.00170955 0.29821 0.600889
630 423 -0.500309 0.199524 -1.59996 0.00210524 0.299555 0.600219
586 392 -0.492557 0.217823 -1.79998 0.00436832 0.300994 0.599486
553 369 -0.492248 0.172439 -2.00448 0.000871077 0.30047 0.599764
335 -41 0.000845507 -0.802759 -1.59862 -0.00089636 0.304392 0.597783
337 -1 0.00157267 -0.804017 -1.79821 0.00407631 0.299983 0.599995
338 28 0.00188324 -0.784669 -2.00606 0.00178861 0.297631 0.601176
359 200 0.00537344 -0.304541 -1.59913 0.00239301 0.296854 0.601558
353 203 -0.00354055 -0.326343 -1.79541 -0.00203305 0.301089 0.599451
354 207 -0.00012227 -0.300296 -1.99996 0.00665137 0.297388 0.601262
384 444 0.000752385 0.196255 -1.60046 0.00268634 0.299801 0.600093
378 409 -0.0106199 0.211105 -1.7987 -0.000974816 0.298704 0.600645
370 384 0.016916 0.212246 -1.99867 -0.00532102 0.300263 0.599845
96 -12 0.498323 -0.801981 -1.59953 -0.00191951 0.294743 0.602597
133 20 0.498401 -0.801726 -1.79968 -0.00544758 0.294532 0.602678
160 48 0.49386 -0.777129 -2.01052 -0.00408532 0.300721 0.599625
115 226 0.508161 -0.307736 -1.59595 0.000101065 0.300136 0.599932
152 224 0.494653 -0.281875 -1.8044 -0.00184686 0.302994 0.598491
177 226 0.494501 -0.29145 -2.00263 -0.00543437 0.306588 0.596636
141 465 0.491496 0.185134 -1.60442 -0.00237552 0.301345 0.599321
169 428 0.505376 0.188493 -1.79974 -0.00379625 0.299173 0.600401
196 403 0.501219 0.201352 -1.99956 0.000396576 0.299779 0.60011
577 -69 -0.897824 -0.224307 -1.598 0.398594 -0.298036 0.601912
544 -22 -0.898449 -0.203107 -1.80043 0.400804 -0.305732 0.59656
516 12 -0.905146 -0.201901 -1.99749 0.402291 -0.298893 0.59902
604 175 -0.899479 0.309093 -1.59856 0.395198 -0.298154 0.604088
562 183 -0.901421 0.300601 -1.79919 0.403398 -0.300487 0.597476
532 188 -0.900107 0.280444 -2.00279 0.400114 -0.304994 0.597401
632 423 -0.917272 0.786932 -1.59667 0.391261 -0.304267 0.603603
585 391 -0.909254 0.809052 -1.79128 0.395669 -0.291528 0.607007
553 368 -0.889484 0.801137 -2.00425 0.400453 -0.304931 0.597205
332 -40 -0.399101 -0.206244 -1.59943 0.396982 -0.296953 0.60351
335 0 -0.413819 -0.200346 -1.79684 0.393483 -0.295475 0.60652
335 28 -0.395962 -0.199812 -2.00082 0.394507 -0.293099 0.607007
356 198 -0.401091 0.298081 -1.60009 0.406548 -0.293807 0.598662
357 204 -0.399332 0.297068 -1.80063 0.39987 -0.302474 0.598843
353 206 -0.387217 0.305163 -2.00173 0.397778 -0.303789 0.59957
380 444 -0.389105 0.818571 -1.59328 0.406208 -0.299073 0.596281
378 411 -0.39996 0.804558 -1.79798 0.40187 -0.300214 0.598642
372 388 -0.405491 0.79639 -2.00033 0.394455 -0.303463 0.601926
94 -14 0.0805897 -0.196825 -1.60149 0.399102 -0.29675 0.60221
131 22 0.116547 -0.188775 -1.80022 0.399838 -0.300318 0.599949
161 50 0.0800897 -0.194862 -2.0014 0.399459 -0.301441 0.599638
117 226 0.119714 0.290428 -1.60041 0.400746 -0.297423 0.600785
150 222 0.100038 0.296742 -1.80054 0.397054 -0.300782 0.601563
176 225 0.0986575 0.302685 -1.99966 0.400379 -0.301646 0.598921
140 467 0.100079 0.798447 -1.60077 0.399369 -0.301987 0.599423
172 427 0.10982 0.801733 -1.79866 0.40012 -0.299862 0.59999
193 400 0.0893893 0.812307 -1.99554 0.397445 -0.302401 0.600492
577 -71 -0.897097 -0.506141 -1.5997 0.405987 0.00135364 0.595964
544 -23 -0.899022 -0.500586 -1.80033 0.399052 -0.000279252 0.600631
515 11 -0.880603 -0.508285 -2.00654 0.401399 -0.00245646 0.59906
602 176 -0.897503 -0.0131083 -1.60135 0.396949 -0.000560299 0.602022
563 183 -0.894685 -0.00361157 -1.80264 0.400047 -0.000562902 0.599969
533 188 -0.891595 -0.0231117 -2.00363 0.403896 -0.00525566 0.597361
630 425 -0.91104 0.509755 -1.59065 0.400008 -2.60656e-005 0.599995
585 391 -0.895938 0.50968 -1.79931 0.402825 0.00294144 0.5981
552 371 -0.907822 0.506131 -1.99492 0.399546 0.00602998 0.600272
331 -40 -0.402336 -0.503488 -1.59832 0.400048 0.00221627 0.599964
333 2 -0.410741 -0.484874 -1.80172 0.399627 0.00169923 0.600246
334 29 -0.397332 -0.473089 -2.00707 0.400894 0.000103645 0.599403
359 198 -0.405782 -0.0012213 -1.59854 0.399963 0.00666951 0.599988
354 203 -0.385149 -0.0027557 -1.80323 0.403936 -0.00832603 0.597299
356 209 -0.413449 0.000324042 -1.99726 0.397928 -0.000576496 0.601376
384 444 -0.390898 0.489346 -1.60553 0.403431 0.00433512 0.597683
376 411 -0.398022 0.488646 -1.80355 0.399475 -0.0012743 0.600348
372 387 -0.395525 0.503405 -2.00004 0.402266 -0.000665386 0.598483
95 -14 0.101605 -0.501152 -1.59954 0.397499 0.0042169 0.601645
131 24 0.084398 -0.494611 -1.80229 0.398764 0.00767451 0.600773
161 50 0.104497 -0.495921 -2.00079 0.400103 -3.59946e-005 0.599931
115 225 0.114172 0.00541388 -1.59904 0.40227 0.00382805 0.598468
151 222 0.0852759 0.0188649 -1.80066 0.400064 0.000517063 0.599957
177 224 0.0989457 0.0103946 -2.00003 0.396126 -0.00648406 0.60253
139 465 0.107408 0.520949 -1.59282 0.400213 -0.000780578 0.599858
169 429 0.0996534 0.500944 -1.79976 0.399339 0.00130615 0.600439
194 404 0.0949556 0.513727 -1.99676 0.399951 0.00043625 0.600032
579 -69 -0.897432 -0.809006 -1.59691 0.402612 0.292413 0.601995
542 -23 -0.890899 -0.798858 -1.80503 0.400838 0.297967 0.600454
513 9 -0.901363 -0.801329 -1.99885 0.401267 0.293699 0.602267
606 176 -0.897016 -0.291635 -1.60322 0.4003 0.298721 0.600438
566 183 -0.904478 -0.309553 -1.79613 0.407068 0.300539 0.594956
532 189 -0.901025 -0.292468 -2.00065 0.392445 0.302044 0.603951
630 423 -0.89106 0.197094 -1.60536 0.400713 0.301401 0.598821
588 392 -0.896849 0.20742 -1.80073 0.401823 0.295185 0.601169
551 369 -0.899792 0.200768 -2.00002 0.400884 0.30082 0.598999
333 -41 -0.4166 -0.788631 -1.60141 0.398089 0.29935 0.601593
337 0 -0.398735 -0.803235 -1.79884 0.404223 0.301314 0.596501
338 27 -0.402592 -0.811188 -1.99497 0.40056 0.301856 0.598694
357 199 -0.391887 -0.30584 -1.6009 0.395552 0.299507 0.603186
354 203 -0.406164 -0.306894 -1.79746 0.401269 0.29518 0.601541
353 209 -0.395764 -0.302466 -2.00047 0.39656 0.300017 0.602271
381 443 -0.404825 0.205009 -1.59815 0.398381 0.298321 0.601912
377 408 -0.401671 0.202281 -1.79937 0.403111 0.299354 0.598238
374 386 -0.391724 0.201694 -2.00147 0.398171 0.303659 0.599376
96 -15 0.0999894 -0.799776 -1.60011 0.399663 0.300936 0.599755
134 21 0.103062 -0.804024 -1.79803 0.399007 0.300774 0.600274
159 50 0.102474 -0.800385 -1.99972 0.400163 0.297544 0.601113
115 223 0.0950284 -0.295617 -1.60112 0.395626 0.302128 0.601829
152 224 0.100734 -0.287176 -1.80205 0.401123 0.300444 0.599027
175 227 0.0749059 -0.307322 -1.99999 0.401734 0.298015 0.599831
140 464 0.0982791 0.199344 -1.60019 0.397174 0.299598 0.602075
173 431 0.113367 0.192913 -1.79998 0.398815 0.298188 0.60169
194 402 0.0963935 0.203486 -1.99983 0.405925 0.300627 0.595692
578 -69 -0.106866 -0.191801 -1.90047 -0.406408 -0.29731 0.89802
540 -25 -0.092873 -0.19802 -2.10051 -0.398223 -0.30021 0.900718
514 10 -0.0955798 -0.233299 -2.29705 -0.402145 -0.297064 0.900018
604 174 -0.0937002 0.308535 -1.89895 -0.398284 -0.311601 0.896814
566 184 -0.0952168 0.313467 -2.09825 -0.396495 -0.30395 0.900225
534 189 -0.0976601 0.315442 -2.29803 -0.40535 -0.301485 0.897106
630 423 -0.113974 0.820926 -1.89026 -0.399257 -0.303974 0.898996
584 393 -0.115065 0.807715 -2.09627 -0.409642 -0.308926 0.892613
553 371 -0.124142 0.812338 -2.29449 -0.405175 -0.292254 0.900234
331 -39 0.409566 -0.223008 -1.8954 -0.398901 -0.303824 0.899205
337 0 0.403096 -0.201685 -2.09925 -0.398274 -0.303464 0.899604
338 31 0.3887 -0.183676 -2.3033 -0.407529 -0.288334 0.900435
356 199 0.396715 0.307269 -1.89953 -0.402424 -0.293877 0.900939
355 204 0.411303 0.300398 -2.09776 -0.398838 -0.310649 0.896898
356 207 0.39738 0.309005 -2.29926 -0.397186 -0.30138 0.900785
381 442 0.406735 0.799348 -1.89884 -0.396396 -0.302194 0.90086
375 411 0.405794 0.816821 -2.0924 -0.408157 -0.294638 0.898107
373 384 0.402905 0.808039 -2.29668 -0.404902 -0.297196 0.898737
95 -14 0.906719 -0.201127 -1.89668 -0.392976 -0.298142 0.903704
135 22 0.894224 -0.182089 -2.10409 -0.400293 -0.298658 0.900316
161 50 0.893027 -0.193246 -2.30329 -0.398355 -0.310429 0.897189
118 225 0.890609 0.302574 -1.90401 -0.394948 -0.30081 0.901959
151 223 0.897281 0.30153 -2.10094 -0.405216 -0.295914 0.899019
177 224 0.900238 0.299088 -2.30003 -0.404159 -0.297684 0.89891
141 465 0.885673 0.814753 -1.90046 -0.403127 -0.296245 0.899849
171 428 0.928285 0.789665 -2.09158 -0.401982 -0.301834 0.898503
194 402 0.875066 0.790794 -2.31277 -0.40039 -0.301922 0.899184
580 -69 -0.0897502 -0.479886 -1.90569 -0.393256 -0.00178212 0.902965
542 -21 -0.116692 -0.484665 -2.10273 -0.403082 0.0010766 0.898623
517 11 -0.0889216 -0.512556 -2.29769 -0.398486 0.00817104 0.900634
606 174 -0.112758 -0.00255741 -1.89928 -0.401585 -0.00115714 0.899293
562 181 -0.0889387 -0.0137928 -2.10045 -0.400431 -0.000864032 0.899808
533 190 -0.0976649 -0.0189061 -2.30002 -0.400202 -0.00215294 0.899908
628 422 -0.10574 0.50077 -1.89949 -0.399323 -0.00370573 0.900293
584 392 -0.0726174 0.482669 -2.10517 -0.400103 -4.35301e-005 0.899954
554 369 -0.100789 0.498712 -2.30025 -0.399871 -0.000224278 0.900057
331 -39 0.402023 -0.52221 -1.89359 -0.399988 -0.00214697 0.900003
334 2 0.399981 -0.502062 -2.09951 -0.394847 -0.00420287 0.902263
336 27 0.420614 -0.505196 -2.29518 -0.404002 0.0107923 0.898146
357 202 0.39509 0.00374428 -1.90102 -0.40105 0.00152522 0.899531
354 203 0.40143 0.00379508 -2.09972 -0.399296 -0.00232531 0.90031
352 208 0.385766 0.0161082 -2.30237 -0.402567 0.000235758 0.898854
384 444 0.395952 0.49747 -1.90151 -0.402832 0.000546426 0.898736
377 412 0.394744 0.520986 -2.09589 -0.403467 0.00294083 0.898446
372 386 0.4235 0.504377 -2.29483 -0.409047 0.00583094 0.895905
97 -15 0.898432 -0.500413 -1.90063 -0.398429 0.00302805 0.900691
134 22 0.897374 -0.500419 -2.10102 -0.392432 -0.000449327 0.903325
161 49 0.89155 -0.532229 -2.29606 -0.399204 -0.000566509 0.900353
118 225 0.901256 -0.00155077 -1.8994 -0.399393 -0.00833802 0.900231
153 225 0.914927 0.0244941 -2.0934 -0.397476 -0.00128498 0.901117
176 225 0.902743 0.00839487 -2.29891 -0.399799 -0.0115581 0.900015
139 467 0.889479 0.50515 -1.90359 -0.399968 0.000109502 0.900014
173 431 0.910214 0.50927 -2.09336 -0.398678 -0.00292834 0.900582
194 401 0.8981 0.502964 -2.3001 -0.407477 0.0111872 0.89657
578 -68 -0.0955387 -0.824917 -1.88955 -0.403633 0.29405 0.900342
541 -23 -0.1286 -0.78968 -2.10235 -0.387906 0.297663 0.906049
514 12 -0.0920356 -0.805876 -2.29828 -0.395536 0.310672 0.898351
603 175 -0.103679 -0.299459 -1.89989 -0.40136 0.300416 0.899256
564 183 -0.103884 -0.297169 -2.10021 -0.39999 0.300004 0.900003
533 191 -0.0780003 -0.273154 -2.30419 -0.396203 0.293168 0.903922
628 425 -0.101845 0.201872 -1.8997 -0.399529 0.303215 0.899131
584 392 -0.0953116 0.197291 -2.10047 -0.398955 0.29395 0.902457
554 370 -0.104965 0.189821 -2.30064 -0.397084 0.289141 0.904832
332 -40 0.403024 -0.805939 -1.89685 -0.401342 0.29897 0.899746
337 0 0.396147 -0.798608 -2.10126 -0.396382 0.288389 0.90538
336 29 0.420654 -0.782992 -2.30217 -0.390056 0.29923 0.904609
355 198 0.382677 -0.310549 -1.90187 -0.395819 0.301854 0.901228
353 203 0.398677 -0.300663 -2.10016 -0.401263 0.300353 0.89932
353 207 0.399917 -0.303472 -2.29956 -0.402248 0.31229 0.894803
381 444 0.402123 0.197926 -1.89977 -0.40032 0.294113 0.901799
378 411 0.391892 0.204724 -2.10107 -0.400871 0.300816 0.89934
374 386 0.394428 0.216482 -2.29947 -0.392464 0.292519 0.905762
97 -15 0.883929 -0.811253 -1.90277 -0.399908 0.304189 0.898634
134 23 0.903591 -0.802829 -2.09738 -0.402621 0.301956 0.898175
160 48 0.904772 -0.797234 -2.29909 -0.401616 0.302429 0.898466
115 224 0.897654 -0.30641 -1.90009 -0.399639 0.305086 0.898449
150 223 0.898636 -0.297633 -2.10092 -0.392431 0.299391 0.903528
175 226 0.902215 -0.293245 -2.3 -0.399775 0.297526 0.900921
138 466 0.903216 0.19449 -1.89905 -0.400316 0.299556 0.900007
173 429 0.924801 0.202145 -2.08899 -0.396623 0.303784 0.900226
194 402 0.896298 0.194986 -2.30188 -0.397589 0.29932 0.901294
576 -69 -0.503791 -0.203167 -1.89866 -2.8558e-005 -0.30185 0.899381
542 -22 -0.490223 -0.208704 -2.10146 -0.00144442 -0.294458 0.901827
513 12 -0.505047 -0.209441 -2.29806 -0.00362345 -0.300854 0.899707
606 176 -0.484965 0.321346 -1.90041 -0.00098894 -0.299614 0.900128
562 181 -0.510635 0.293154 -2.09841 -0.00301453 -0.304128 0.898608
532 190 -0.500112 0.298792 -2.30013 0.000407233 -0.290592 0.903081
630 423 -0.502991 0.803547 -1.89771 0.000237912 -0.300039 0.899987
586 392 -0.501433 0.795921 -2.10121 0.000483162 -0.291846 0.902677
552 369 -0.484124 0.788411 -2.30739 0.00405132 -0.299222 0.90025
332 -42 -0.00861975 -0.198806 -1.90011 -0.000153252 -0.302145 0.899282
336 2 0.0196684 -0.2034 -2.09958 0.0031679 -0.301914 0.899354
336 29 0.000258684 -0.201441 -2.29987 0.00379979 -0.302063 0.899302
356 200 -0.00278567 0.295815 -1.90065 -0.000318017 -0.30534 0.898202
355 205 0.00397542 0.302397 -2.09965 0.00476625 -0.29315 0.902242
352 206 0.00382455 0.303192 -2.29958 -0.00467004 -0.297482 0.900823
381 444 -0.000427599 0.799874 -1.90005 -5.36911e-006 -0.299955 0.900015
377 409 -0.0156279 0.802088 -2.09915 -0.00191881 -0.29776 0.900742
370 384 -0.00366847 0.800286 -2.2999 -0.0010498 -0.290331 0.903165
96 -11 0.496985 -0.196495 -1.90116 0.000982014 -0.29666 0.901106
132 22 0.500436 -0.202027 -2.0997 0.000868318 -0.298455 0.900513
161 51 0.497776 -0.207262 -2.29984 -0.00545851 -0.299585 0.900122
117 223 0.498833 0.298628 -1.90052 -0.00586849 -0.29624 0.901226
151 226 0.501044 0.282476 -2.10218 -3.65839e-005 -0.295704 0.90142
178 225 0.471313 0.307001 -2.30513 -0.0114751 -0.298797 0.900327
140 465 0.496117 0.803645 -1.89948 -0.00227048 -0.295626 0.901443
173 429 0.511579 0.806484 -2.09472 -0.00520974 -0.302968 0.89899
195 401 0.496528 0.798581 -2.30124 -0.0083311 -0.299217 0.900222
579 -68 -0.488311 -0.499296 -1.90322 -0.000499176 -0.00393793 0.899991
543 -23 -0.478433 -0.514613 -2.10149 -0.000531136 -0.0101115 0.899943
516 11 -0.505146 -0.502944 -2.29823 0.00808467 0.00341113 0.899957
604 176 -0.49039 -0.00165754 -1.9025 -1.00076e-005 -0.00196775 0.899998
565 185 -0.499939 4.90873e-005 -2.10001 -0.00010445 -0.00229779 0.899997
534 189 -0.499463 -0.00345248 -2.30011 0.00126825 -0.00525358 0.899984
630 423 -0.496676 0.499793 -1.90093 0.00133519 0.00407098 0.89999
587 391 -0.500722 0.506979 -2.09815 0.00185936 0.00103267 0.899997
553 369 -0.507515 0.50058 -2.29823 0.00648857 -0.0042575 0.899967
333 -43 0.00740746 -0.486508 -1.90348 -0.000629336 0.0013589 0.899999
336 1 -0.0163556 -0.486223 -2.10317 0.00901107 -0.00163838 0.899953
338 31 -0.000183173 -0.500015 -2.3 0.000250081 0.00561032 0.899982
355 200 -0.00122641 0.0013189 -1.9 -0.0032234 -0.000915913 0.899994
357 204 -0.00772155 0.0271594 -2.09981 0.003568 0.0027033 0.899989
352 209 -0.00208808 -0.00104977 -2.3 -0.00211884 -0.00729948 0.899968
380 444 0.0187499 0.498976 -1.90018 0.000543223 -0.000347312 0.9
377 408 0.0110035 0.47641 -2.10545 0.00556035 0.00601847 0.899963
373 387 0.00230327 0.523893 -2.29467 -0.00303215 -0.00790086 0.89996
95 -15 0.501544 -0.503319 -1.89872 -3.13561e-005 -0.000852473 0.9
133 21 0.502627 -0.493883 -2.10082 0.00561752 -0.00123548 0.899982
161 49 0.500283 -0.503366 -2.2992 0.00130897 0.00336403 0.899993
118 224 0.493827 0.00492686 -1.90161 0.00556013 0.00111573 0.899982
151 225 0.493135 -0.0055112 -2.10162 0.00353471 -0.00380115 0.899985
178 227 0.499932 0.0168208 -2.29995 0.00251564 0.00235716 0.899993
140 463 0.501296 0.491183 -1.90196 -0.000513008 -0.0049036 0.899986
170 429 0.501658 0.507033 -2.09792 0.00485244 -0.000845454 0.899987
194 400 0.495893 0.496228 -2.30171 0.000273489 -0.00804123 0.899964
578 -71 -0.498955 -0.7998 -1.90036 -0.00359293 0.299382 0.900198
542 -23 -0.516489 -0.777675 -2.10439 -0.00146161 0.30392 0.898683
514 12 -0.501641 -0.824816 -2.29086 -0.000890506 0.295509 0.901484
603 175 -0.482351 -0.301991 -1.90424 0.00345273 0.306587 0.897771
563 183 -0.497766 -0.298194 -2.10079 0.00105205 0.298709 0.900429
535 191 -0.48964 -0.300674 -2.30214 -0.00490498 0.299056 0.900301
628 423 -0.481349 0.196128 -1.90521 -0.00437599 0.30271 0.899081
585 392 -0.500139 0.17622 -2.1021 -0.00884579 0.295595 0.901413
552 369 -0.508249 0.179703 -2.29987 0.00353377 0.296181 0.901257
333 -41 -0.00759403 -0.798867 -1.90046 -0.0053992 0.308249 0.897192
334 2 0.0210204 -0.805261 -2.09788 0.00146831 0.298859 0.900378
336 28 -0.00829619 -0.806477 -2.29772 0.00304031 0.296691 0.901091
357 199 -0.0017007 -0.301546 -1.89975 -0.000419514 0.298331 0.900555
355 206 0.0125437 -0.309731 -2.09855 0.00533153 0.296767 0.901055
355 207 -0.00347964 -0.305571 -2.29926 -0.00136679 0.298527 0.900489
382 444 -0.00260036 0.171076 -1.90282 -0.00108049 0.300189 0.899936
374 408 0.00612492 0.198991 -2.10009 0.00881926 0.302219 0.899214
372 384 -0.00589501 0.205083 -2.29954 0.00225239 0.305106 0.898279
93 -15 0.504563 -0.812996 -1.89327 -0.00119118 0.304602 0.898452
131 23 0.509327 -0.774448 -2.10732 -8.42303e-005 0.300184 0.899939
162 50 0.501851 -0.799917 -2.29963 -0.00139334 0.3072 0.897567
119 225 0.501071 -0.304514 -1.899 -0.000320406 0.301077 0.89964
152 225 0.498527 -0.273014 -2.10403 -0.00508091 0.302402 0.899181
179 224 0.500545 -0.30006 -2.29987 -0.000555127 0.299835 0.900055
142 464 0.498211 0.190768 -1.90142 -0.00453578 0.300449 0.899839
173 429 0.511681 0.204066 -2.09679 0.00548058 0.308309 0.897171
195 401 0.499732 0.181421 -2.3016 -0.000838637 0.306841 0.89769
580 -68 -0.894088 -0.20913 -1.90181 0.398659 -0.301353 0.900143
541 -24 -0.882052 -0.198887 -2.10771 0.401094 -0.298582 0.899985
516 10 -0.911564 -0.204418 -2.29505 0.400076 -0.299969 0.899976
604 173 -0.891957 0.290873 -1.9052 0.403011 -0.294397 0.900507
566 185 -0.903809 0.299304 -2.09846 0.403474 -0.304213 0.89703
535 189 -0.89226 0.269155 -2.30682 0.404881 -0.304275 0.896375
632 423 -0.9022 0.796751 -1.90032 0.410392 -0.28899 0.898923
584 390 -0.899828 0.799974 -2.10008 0.395184 -0.305994 0.90011
551 368 -0.881386 0.824742 -2.29847 0.398869 -0.29964 0.900621
333 -42 -0.399313 -0.192502 -1.90092 0.400975 -0.298938 0.89992
335 -2 -0.385732 -0.19547 -2.10309 0.403004 -0.294029 0.90063
335 29 -0.410183 -0.210453 -2.29727 0.396359 -0.302676 0.900715
357 199 -0.404558 0.302387 -1.89866 0.406354 -0.303687 0.895908
355 206 -0.381852 0.292843 -2.10438 0.396552 -0.299529 0.901681
355 207 -0.400371 0.289016 -2.30134 0.395914 -0.308435 0.898955
382 444 -0.397755 0.796821 -1.90181 0.405895 -0.311803 0.893324
375 412 -0.392609 0.790893 -2.10484 0.396709 -0.312261 0.897282
370 388 -0.384142 0.827866 -2.29283 0.40281 -0.297649 0.899527
94 -13 0.107701 -0.199131 -1.89967 0.395608 -0.300014 0.901935
132 22 0.101007 -0.199628 -2.09999 0.39813 -0.303228 0.899747
159 50 0.076693 -0.196532 -2.30119 0.396175 -0.293165 0.903936
119 225 0.0835964 0.305866 -1.89986 0.396236 -0.304018 0.900316
154 223 0.0958108 0.307248 -2.09915 0.405413 -0.299523 0.897734
175 223 0.11855 0.319867 -2.29644 0.400661 -0.295774 0.901104
140 465 0.0947929 0.794194 -1.9027 0.393665 -0.291827 0.905464
172 431 0.0925058 0.787491 -2.10507 0.39887 -0.301848 0.899884
193 403 0.0935949 0.801602 -2.29971 0.398981 -0.298364 0.900996
578 -70 -0.890219 -0.507452 -1.90263 0.402108 0.0105601 0.898998
542 -25 -0.900947 -0.497719 -2.10014 0.395367 -0.00269138 0.902041
514 12 -0.897509 -0.50369 -2.30017 0.393212 0.0071673 0.902958
604 176 -0.908713 0.0183391 -1.89576 0.398979 -0.00250419 0.900449
564 184 -0.889544 0.0045988 -2.10445 0.403069 -0.00189563 0.898628
533 187 -0.896798 -0.00559486 -2.30124 0.400222 -0.000326124 0.899901
630 422 -0.894913 0.506727 -1.90062 0.398887 -0.00334987 0.900487
586 393 -0.897507 0.495691 -2.10209 0.400325 -0.00025949 0.899855
553 368 -0.897208 0.495411 -2.30208 0.394634 0.00173901 0.902364
331 -41 -0.401598 -0.513032 -1.89618 0.409084 0.000913565 0.895907
335 1 -0.402056 -0.499842 -2.09965 0.403102 0.00739716 0.898584
337 29 -0.394552 -0.501992 -2.30051 0.398098 -0.00168145 0.900841
357 198 -0.409131 -0.00293933 -1.89805 0.398036 7.48939e-005 0.90087
357 202 -0.40076 -0.00236286 -2.09985 0.401247 -0.00516277 0.89943
354 209 -0.402853 -0.00163382 -2.2995 0.399851 -0.000516655 0.900066
382 442 -0.40088 0.497427 -1.90049 0.399998 -2.68642e-005 0.900001
376 410 -0.392316 0.487382 -2.10441 0.399074 0.0002214 0.900411
374 384 -0.392659 0.491066 -2.30319 0.399629 -0.000889748 0.900164
93 -14 0.112758 -0.482848 -1.90372 0.402969 0.0134999 0.898573
135 24 0.0978549 -0.484449 -2.10374 0.395646 -0.00224774 0.90192
161 51 0.101388 -0.500835 -2.29976 0.400152 -6.03154e-005 0.899932
115 226 0.10579 -0.00305483 -1.89968 0.388848 0.00247988 0.904871
154 224 0.107484 0.00221044 -2.09963 0.405969 -0.00917599 0.897276
175 224 0.0984598 0.0042549 -2.30006 0.400158 -0.00218218 0.899927
142 463 0.111721 0.502955 -1.89857 0.399246 0.00195675 0.900333
173 431 0.0965388 0.484974 -2.10368 0.39972 0.00063399 0.900124
194 403 0.0913198 0.483066 -2.30398 0.400253 0.00231828 0.899884
578 -71 -0.895056 -0.794203 -1.90476 0.400058 0.299177 0.900248
544 -25 -0.891396 -0.801434 -2.10312 0.391049 0.307713 0.901329
517 11 -0.934071 -0.805849 -2.28432 0.410054 0.296528 0.89662
603 174 -0.900525 -0.299217 -1.89987 0.403634 0.291232 0.901257
564 185 -0.886483 -0.284836 -2.10785 0.397974 0.307052 0.898519
536 190 -0.897349 -0.302967 -2.30065 0.400171 0.299665 0.900036
631 425 -0.89693 0.202234 -1.90122 0.404127 0.303198 0.89708
586 390 -0.897537 0.194061 -2.10161 0.405689 0.293905 0.899464
552 370 -0.879517 0.202735 -2.30767 0.39682 0.291147 0.904305
334 -42 -0.397769 -0.797717 -1.90143 0.401043 0.30223 0.898789
333 2 -0.405831 -0.803968 -2.09736 0.408156 0.293261 0.898558
335 30 -0.400141 -0.801419 -2.29948 0.394814 0.30942 0.8991
357 198 -0.427546 -0.298396 -1.89425 0.399949 0.300231 0.899946
354 205 -0.405951 -0.294214 -2.09968 0.396062 0.298768 0.902149
356 207 -0.401242 -0.2981 -2.30003 0.404251 0.305151 0.896362
382 444 -0.40645 0.191415 -1.89952 0.394509 0.290341 0.905574
374 408 -0.397364 0.214838 -2.09903 0.392549 0.31063 0.899675
370 385 -0.398723 0.201413 -2.3001 0.387525 0.305023 0.903762
95 -11 0.0974764 -0.817534 -1.89265 0.397364 0.298404 0.901697
133 20 0.111456 -0.798572 -2.09997 0.406449 0.298322 0.897665
161 49 0.0945454 -0.787719 -2.30447 0.40284 0.298565 0.89921
117 225 0.0973233 -0.300635 -1.90004 0.399971 0.299974 0.900021
150 222 0.103248 -0.298868 -2.1 0.404927 0.298739 0.898214
177 224 0.101217 -0.313442 -2.29815 0.398617 0.302109 0.899908
142 465 0.111541 0.223504 -1.89674 0.399064 0.295222 0.901993
169 430 0.103449 0.213626 -2.09849 0.400114 0.296642 0.901062
192 404 0.107241 0.222989 -2.29756 0.40297 0.304184 0.897267
576 -71 -0.112896 -0.214802 -2.19798 -0.39827 -0.305326 1.19923
543 -23 -0.0997168 -0.208039 -2.39933 -0.399533 -0.3013 1.19983
517 9 -0.0999336 -0.199911 -2.60001 -0.396294 -0.311164 1.19839
603 175 -0.110252 0.305943 -2.19869 -0.391809 -0.29418 1.20414
563 183 -0.109259 0.312207 -2.39804 -0.41219 -0.303611 1.19496
532 187 -0.0955585 0.280242 -2.60237 -0.40089 -0.300003 1.1997
631 423 -0.0983824 0.776626 -2.20843 -0.399913 -0.299864 1.20006
588 391 -0.0964045 0.8297 -2.39004 -0.400252 -0.300759 1.19973
552 369 -0.0980249 0.783249 -2.60517 -0.408928 -0.292272 1.1989
332 -40 0.379464 -0.212936 -2.20242 -0.394678 -0.302037 1.20125
334 2 0.39516 -0.230841 -2.39803 -0.39914 -0.301497 1.19991
336 29 0.400006 -0.199133 -2.60007 -0.402218 -0.297302 1.19993
356 198 0.400464 0.299294 -2.20001 -0.40156 -0.291419 1.20159
355 206 0.40244 0.280243 -2.40198 -0.398456 -0.286357 1.20384
353 207 0.403156 0.303491 -2.59911 -0.396317 -0.299645 1.20131
382 443 0.382568 0.784891 -2.20853 -0.399953 -0.299792 1.20007
378 409 0.410236 0.803585 -2.39707 -0.399631 -0.300409 1.20002
371 385 0.393998 0.805917 -2.59909 -0.397475 -0.300658 1.20067
97 -11 0.902529 -0.200095 -2.19896 -0.398963 -0.299468 1.20048
134 20 0.914782 -0.20264 -2.39418 -0.400401 -0.284767 1.20357
163 49 0.900802 -0.200399 -2.59969 -0.406473 -0.297816 1.19837
116 224 0.900264 0.293565 -2.20076 -0.404173 -0.291333 1.20074
152 223 0.91792 0.297483 -2.39352 -0.406117 -0.298213 1.19839
176 224 0.909331 0.340607 -2.59174 -0.394552 -0.318574 1.19701
141 465 0.900383 0.794901 -2.20169 -0.391784 -0.294007 1.20419
170 427 0.90531 0.822887 -2.39025 -0.398764 -0.311559 1.19746
192 400 0.933913 0.794875 -2.58959 -0.393008 -0.301766 1.20187
578 -70 -0.0715556 -0.499709 -2.20117 -0.402716 0.0125296 1.19903
542 -23 -0.105562 -0.491506 -2.40152 -0.406456 -0.0150684 1.19773
517 10 -0.0935804 -0.515007 -2.59731 -0.398558 -0.0083013 1.20045
604 176 -0.0862252 -0.0054877 -2.20058 -0.395746 0.00849356 1.20138
564 183 -0.0956804 -0.00146327 -2.40018 -0.402653 0.00719414 1.19909
534 190 -0.100196 -0.000558946 -2.59999 -0.398665 0.0156709 1.20034
631 425 -0.101584 0.529079 -2.19312 -0.400931 -0.00223656 1.19969
586 392 -0.104715 0.521258 -2.39527 -0.399178 0.000363259 1.20027
555 369 -0.0905735 0.507621 -2.59887 -0.399942 -7.57171e-005 1.20002
335 -41 0.394925 -0.515466 -2.19735 -0.393761 -0.00731705 1.20204
337 1 0.392842 -0.496662 -2.40187 -0.399108 0.00512858 1.20029
337 29 0.378683 -0.508861 -2.60147 -0.390715 -0.00404736 1.20305
357 200 0.40088 0.00234891 -2.19984 -0.417069 0.00227635 1.19417
357 202 0.401117 0.0206584 -2.39972 -0.404596 -0.00826955 1.19843
354 209 0.400313 0.00770846 -2.59994 -0.400532 -0.0178045 1.19969
381 444 0.399193 0.492853 -2.20176 -0.399398 -0.00402487 1.20019
378 410 0.384917 0.508233 -2.40074 -0.407633 -0.00555561 1.19742
371 387 0.400997 0.496003 -2.60061 -0.40007 9.03506e-005 1.19998
95 -15 0.904122 -0.491712 -2.20018 -0.399163 -0.00116279 1.20028
131 21 0.899735 -0.520093 -2.39583 -0.395048 0.00619807 1.20162
159 49 0.899665 -0.498762 -2.60035 -0.399676 -0.00643627 1.20009
117 224 0.89824 0.00996519 -2.2007 -0.399498 0.0156795 1.20006
152 222 0.900145 -0.00163088 -2.39995 -0.400187 0.0116738 1.19988
177 225 0.899558 0.00361986 -2.60015 -0.402749 0.00236178 1.19908
140 465 0.893262 0.520972 -2.19788 -0.403278 0.0143537 1.19882
173 427 0.911871 0.498548 -2.39582 -0.406307 -0.00429973 1.19787
193 403 0.909531 0.524087 -2.59193 -0.405527 -0.00866938 1.19811
578 -67 -0.104803 -0.786438 -2.20466 -0.410298 0.294721 1.19783
540 -23 -0.0988133 -0.798271 -2.40062 -0.39956 0.290599 1.20246
514 10 -0.097607 -0.806947 -2.59794 -0.394376 0.30666 1.20018
602 173 -0.107727 -0.300824 -2.19952 -0.399958 0.291675 1.20206
566 185 -0.10091 -0.299357 -2.40004 -0.39367 0.297221 1.20278
534 188 -0.0941194 -0.314065 -2.59856 -0.401747 0.285151 1.20303
631 424 -0.0839078 0.190927 -2.20148 -0.400011 0.299845 1.20004
588 394 -0.105485 0.20966 -2.39894 -0.389756 0.302785 1.20267
551 369 -0.102485 0.201327 -2.5998 -0.40003 0.300062 1.19997
333 -41 0.390583 -0.795279 -2.2034 -0.401735 0.306011 1.1979
336 0 0.400142 -0.800069 -2.39995 -0.405408 0.296657 1.19902
338 28 0.405955 -0.814028 -2.59472 -0.388483 0.288638 1.20655
358 201 0.419143 -0.293183 -2.19735 -0.396296 0.310684 1.19851
354 203 0.395538 -0.290996 -2.40185 -0.409694 0.303461 1.19585
355 209 0.368665 -0.28609 -2.60619 -0.399789 0.300407 1.19997
381 446 0.400146 0.199899 -2.19998 -0.400434 0.299086 1.20008
378 408 0.404984 0.199419 -2.39921 -0.402748 0.29575 1.20014
370 385 0.407061 0.187843 -2.59981 -0.402194 0.298944 1.19953
95 -11 0.890205 -0.816776 -2.19782 -0.402955 0.282589 1.20323
131 20 0.902882 -0.802005 -2.39825 -0.394827 0.301048 1.20145
159 50 0.891845 -0.791339 -2.60545 -0.399648 0.300319 1.20004
116 223 0.899882 -0.30117 -2.19989 -0.400015 0.301034 1.19974
153 224 0.898693 -0.301344 -2.40032 -0.406503 0.293844 1.19934
175 225 0.915452 -0.300795 -2.59451 -0.402361 0.303022 1.19845
140 467 0.884151 0.211721 -2.20532 -0.396546 0.301078 1.20088
171 427 0.911019 0.194773 -2.39627 -0.397138 0.292551 1.20279
194 404 0.896253 0.181402 -2.60266 -0.404949 0.305119 1.19705
580 -67 -0.499329 -0.202219 -2.19995 0.00996383 -0.309444 1.19756
542 -24 -0.500786 -0.169538 -2.40218 0.000230859 -0.306255 1.19842
515 11 -0.498235 -0.185432 -2.60142 0.0122539 -0.291787 1.20196
606 173 -0.502673 0.303899 -2.19886 0.0011904 -0.303118 1.19922
562 184 -0.499905 0.300367 -2.39997 -0.00407831 -0.297438 1.20063
533 190 -0.498913 0.287057 -2.60167 -0.00752029 -0.303847 1.19901
630 424 -0.490353 0.788665 -2.20626 -0.00779799 -0.303266 1.19915
584 391 -0.522429 0.781706 -2.40125 0.00274608 -0.296699 1.20082
555 369 -0.496421 0.798822 -2.60105 0.00340452 -0.29897 1.20025
332 -39 0.0019043 -0.201107 -2.1999 0.00198672 -0.294176 1.20144
336 0 0.000432234 -0.227467 -2.39755 0.00363365 -0.3037 1.19906
338 29 0.0229676 -0.216325 -2.59859 0.000400408 -0.317204 1.19557
356 198 -0.0172591 0.313149 -2.1981 -0.00563924 -0.302793 1.19929
355 203 0.00296384 0.308961 -2.39886 -6.02808e-005 -0.298737 1.20032
356 206 0.00910942 0.299449 -2.60005 -0.00635648 -0.302565 1.19934
382 446 0.00220421 0.793299 -2.20242 0.0021854 -0.301141 1.19971
376 412 -0.00448956 0.807349 -2.39753 -0.00310512 -0.306789 1.19828
373 385 0.00919934 0.797904 -2.60063 -0.00073488 -0.300607 1.19985
94 -13 0.495032 -0.202434 -2.2009 0.00144215 -0.292708 1.2018
135 23 0.499604 -0.198895 -2.40017 0.00166698 -0.304294 1.19892
159 51 0.504608 -0.193298 -2.59962 -0.00214096 -0.30002 1.19999
117 222 0.491828 0.307963 -2.20074 0.00251982 -0.300512 1.19987
151 226 0.499978 0.301385 -2.39983 -0.000764165 -0.299934 1.20002
179 225 0.502523 0.300048 -2.59951 -0.00811122 -0.295227 1.20116
140 466 0.493802 0.799487 -2.20159 0.000251497 -0.306935 1.19825
173 430 0.515067 0.80328 -2.39571 -0.0012152 -0.299909 1.20002
195 404 0.490833 0.808564 -2.5991 0.00172173 -0.30418 1.19895
579 -70 -0.486796 -0.503554 -2.20215 -0.0100101 0.00759162 1.19993
542 -23 -0.499885 -0.500257 -2.39997 -0.000559956 -0.00362571 1.19999
515 9 -0.492494 -0.508109 -2.59986 0.000346076 0.000773879 1.2
603 173 -0.503605 0.00374117 -2.19917 -0.00114399 0.00157148 1.2
564 182 -0.503559 -0.017916 -2.39919 0.00562937 0.00315643 1.19998
532 189 -0.520218 0.0101735 -2.59601 0.00716095 0.00292069 1.19998
631 423 -0.496713 0.509546 -2.19855 -0.00924823 0.011505 1.19991
588 394 -0.495613 0.520513 -2.39655 -0.00241067 -0.0129335 1.19993
553 367 -0.518461 0.498191 -2.59673 -0.0018399 0.00209141 1.2
332 -43 0.0164861 -0.477037 -2.20503 -0.0116122 -0.0084531 1.19991
337 -1 0.0147928 -0.476637 -2.4047 -0.00331903 -0.000989912 1.2
338 28 0.0110483 -0.483111 -2.60317 -0.00269798 -0.00581645 1.19998
357 202 0.000913852 -0.00166854 -2.2 0.00246553 -0.00459899 1.19999
353 205 0.031372 -0.00710606 -2.39978 0.00130671 -0.0027143 1.2
352 209 0.0218621 0.00529878 -2.5999 -0.00044591 -0.0057044 1.19999
382 444 -0.0038244 0.504255 -2.19903 0.0114196 -0.0063518 1.19993
374 408 0.0131762 0.495487 -2.4009 0.0097339 0.00929658 1.19992
370 386 -0.00504969 0.497048 -2.60056 0.00302373 0.00438432 1.19999
95 -15 0.523249 -0.511865 -2.19185 -0.00250156 -0.00326047 1.19999
135 22 0.488786 -0.49021 -2.40433 -0.00244148 0.00982767 1.19996
159 49 0.518175 -0.527759 -2.59094 0.00606865 -0.00179531 1.19998
118 224 0.478417 -0.0110254 -2.20477 0.000618715 0.00207428 1.2
152 225 0.502166 -0.00536148 -2.39954 -0.00038779 0.00127748 1.2
175 226 0.500218 -0.0196202 -2.59988 0.000334792 0.0109436 1.19995
140 467 0.516708 0.504144 -2.19519 0.00384466 0.00204902 1.19999
171 429 0.513351 0.475276 -2.4022 0.0128681 -0.00254653 1.19993
195 401 0.48708 0.487327 -2.60485 -0.00385345 -0.000316541 1.19999
578 -69 -0.495955 -0.812065 -2.19649 -0.00667444 0.3032 1.19918
542 -23 -0.510677 -0.784517 -2.40286 2.29499e-005 0.29988 1.20003
516 11 -0.499519 -0.805067 -2.59853 -0.00174381 0.297345 1.20066
602 176 -0.518448 -0.282327 -2.19807 0.00291597 0.314879 1.19618
563 184 -0.502214 -0.302124 -2.39927 0.00539778 0.290421 1.20234
534 188 -0.495524 -0.30311 -2.6005 0.000140404 0.299179 1.2002
632 421 -0.500231 0.214407 -2.19859 -0.000259827 0.291322 1.20214
585 393 -0.494367 0.198214 -2.40131 -0.00653641 0.304813 1.19877
551 371 -0.50054 0.199027 -2.59997 -0.00304202 0.306962 1.19823
335 -42 0.00532916 -0.787029 -2.20467 0.00146313 0.30148 1.19963
335 0 0.0304299 -0.807497 -2.39729 -0.0010086 0.298761 1.20031
336 29 0.0186171 -0.799138 -2.6002 0.00617871 0.304557 1.19884
358 200 -0.000390607 -0.296547 -2.20047 0.000166146 0.304859 1.19877
355 204 0.00937525 -0.317673 -2.39771 0.00573645 0.28961 1.20254
354 206 0.0226576 -0.296685 -2.60028 -0.00404032 0.299807 1.20004
383 443 -0.0140108 0.222897 -2.19775 0.00330315 0.297661 1.20058
374 411 -0.00192048 0.199654 -2.40003 -0.00475593 0.312152 1.19689
372 385 0.00460029 0.199387 -2.60004 -0.000647417 0.299142 1.20021
95 -13 0.494725 -0.810693 -2.19728 0.000337185 0.30033 1.19992
133 22 0.518166 -0.784575 -2.40124 -0.00111408 0.303522 1.19911
163 48 0.486999 -0.808083 -2.59997 0.00386253 0.299151 1.20021
118 225 0.508933 -0.307902 -2.19686 0.000191382 0.292669 1.20181
151 224 0.509929 -0.281988 -2.40009 -0.0102355 0.304253 1.19889
177 225 0.494611 -0.302083 -2.60079 -0.00185742 0.300206 1.19995
142 467 0.498944 0.193766 -2.2008 0.00160029 0.298982 1.20025
171 430 0.49928 0.197638 -2.40035 0.00128562 0.310749 1.19726
194 404 0.474134 0.197617 -2.60502 -6.03451e-005 0.300075 1.19998
577 -67 -0.896684 -0.205317 -2.20086 0.405421 -0.292999 1.19991
544 -21 -0.910317 -0.182404 -2.39751 0.404343 -0.300686 1.19837
516 8 -0.876832 -0.211539 -2.60699 0.398237 -0.304248 1.19952
606 175 -0.909599 0.30854 -2.19486 0.397402 -0.294646 1.20219
564 181 -0.910088 0.315839 -2.39416 0.400954 -0.297279 1.20036
536 187 -0.883044 0.291 -2.60683 0.396707 -0.299337 1.20126
630 423 -0.918962 0.784076 -2.19789 0.39991 -0.2999 1.20006
587 392 -0.90825 0.792407 -2.39941 0.40051 -0.290724 1.20211
553 370 -0.900448 0.797554 -2.6006 0.394247 -0.30011 1.20187
335 -41 -0.39613 -0.226714 -2.19811 0.392053 -0.305763 1.20117
333 0 -0.398322 -0.203322 -2.4 0.392607 -0.29755 1.20305
336 27 -0.41155 -0.208143 -2.59756 0.404481 -0.303775 1.19755
355 199 -0.399925 0.283338 -2.20222 0.398011 -0.314014 1.19707
355 203 -0.404973 0.295769 -2.39969 0.396583 -0.298965 1.20139
355 206 -0.398183 0.310364 -2.59906 0.405623 -0.308951 1.19583
384 444 -0.401245 0.801255 -2.19932 0.400831 -0.301068 1.19946
376 408 -0.406601 0.775108 -2.40705 0.402463 -0.300482 1.19906
374 385 -0.392301 0.79317 -2.60326 0.397295 -0.314251 1.19725
94 -13 0.10931 -0.206705 -2.19894 0.4 -0.300022 1.19999
131 21 0.0847504 -0.192357 -2.40121 0.389782 -0.307218 1.20154
162 48 0.102297 -0.200349 -2.59988 0.405156 -0.295817 1.19931
119 226 0.097097 0.301373 -2.19994 0.399444 -0.297389 1.20083
152 222 0.102302 0.300007 -2.3999 0.406692 -0.291911 1.19975
177 225 0.0911646 0.28757 -2.60173 0.395784 -0.297785 1.20195
138 467 0.103515 0.799934 -2.19986 0.390083 -0.30682 1.20154
170 427 0.0974381 0.776231 -2.4079 0.410661 -0.308181 1.19431
194 403 0.110949 0.823952 -2.59206 0.403788 -0.305541 1.19733
577 -68 -0.916699 -0.498303 -2.19348 0.405039 -0.00594076 1.19829
541 -25 -0.901078 -0.491151 -2.40142 0.392216 0.0109619 1.20252
517 9 -0.899226 -0.497561 -2.60074 0.40146 -0.00300849 1.19951
603 176 -0.898655 0.000410641 -2.20055 0.393197 0.0013202 1.20225
566 183 -0.904081 0.0129364 -2.39843 0.4008 -0.00182824 1.19973
533 188 -0.897304 -0.00177734 -2.60093 0.404837 -0.00516785 1.19837
631 422 -0.90321 0.505446 -2.19744 0.400768 -0.0158017 1.19964
586 393 -0.905886 0.496753 -2.39846 0.407968 -0.00688796 1.19729
551 369 -0.885376 0.478471 -2.60906 0.398876 0.00381216 1.20037
331 -41 -0.392981 -0.487236 -2.20412 0.396671 0.000830631 1.2011
335 1 -0.403132 -0.503227 -2.3988 0.406049 0.00568087 1.19795
336 27 -0.423745 -0.495334 -2.59713 0.401625 0.00495344 1.19945
359 201 -0.375403 -0.00052383 -2.20433 0.399989 0.000270201 1.2
354 206 -0.408458 -0.0126214 -2.39854 0.397506 -0.000624408 1.20083
352 207 -0.395129 0.000798761 -2.60074 0.402965 0.0150305 1.19891
383 444 -0.397622 0.506366 -2.19897 0.405534 -0.0116215 1.19808
378 408 -0.3983 0.497582 -2.40079 0.399453 -0.0025447 1.20018
373 384 -0.377949 0.481342 -2.60681 0.396253 -0.0114773 1.20119
94 -13 0.111419 -0.515911 -2.19577 0.399692 -0.0117309 1.20005
132 20 0.099166 -0.503782 -2.39924 0.40613 -0.0187163 1.19779
162 47 0.131971 -0.500655 -2.59845 0.39986 0.00120301 1.20005
117 224 0.0917671 0.0123167 -2.20032 0.400636 0.00164036 1.19979
153 224 0.0974817 -0.0116872 -2.40008 0.400015 -0.000935867 1.19999
177 223 0.0841023 -0.010177 -2.60054 0.409213 0.00101792 1.19689
139 464 0.0970009 0.485743 -2.20333 0.399296 -0.00281248 1.20023
169 430 0.100142 0.500748 -2.39984 0.402757 0.00383978 1.19907
194 401 0.0991913 0.511012 -2.59789 0.396963 -0.00263376 1.20101
576 -69 -0.90597 -0.806348 -2.19523 0.395267 0.301596 1.20117
541 -25 -0.900191 -0.800129 -2.39989 0.398996 0.304687 1.19915
515 8 -0.89053 -0.810327 -2.60006 0.404295 0.316169 1.1944
604 176 -0.911251 -0.296165 -2.19588 0.400863 0.294137 1.20116
562 184 -0.899089 -0.280781 -2.40267 0.399416 0.299982 1.2002
536 189 -0.895401 -0.298591 -2.60175 0.40057 0.31258 1.19659
630 423 -0.914065 0.205479 -2.19369 0.400546 0.299442 1.19996
588 393 -0.885906 0.218085 -2.40367 0.400125 0.290728 1.20224
555 370 -0.898039 0.206228 -2.60019 0.400433 0.300915 1.19963
333 -42 -0.397504 -0.797861 -2.20123 0.398447 0.286558 1.2038
335 0 -0.409361 -0.812655 -2.39416 0.398907 0.297833 1.2009
338 29 -0.401708 -0.793967 -2.60159 0.398693 0.301152 1.20015
356 200 -0.411619 -0.312183 -2.19616 0.398686 0.298034 1.20093
355 206 -0.411752 -0.275651 -2.40093 0.40457 0.301365 1.19812
354 207 -0.387537 -0.312826 -2.60038 0.388644 0.31206 1.20066
382 446 -0.402377 0.194628 -2.20005 0.394911 0.292138 1.20362
374 412 -0.40002 0.202265 -2.39981 0.399472 0.292376 1.20206
371 384 -0.410448 0.183385 -2.5996 0.40028 0.298062 1.20039
95 -13 0.123459 -0.803761 -2.19744 0.402187 0.291768 1.2013
134 24 0.117675 -0.797223 -2.40012 0.397825 0.297566 1.20133
161 49 0.098102 -0.778844 -2.60649 0.400016 0.298839 1.20028
119 226 0.101471 -0.273115 -2.20343 0.40481 0.297899 1.19891
153 222 0.0781904 -0.309028 -2.39966 0.40399 0.294812 1.19995
178 225 0.10172 -0.32556 -2.59686 0.404934 0.307793 1.19637
140 465 0.114571 0.196118 -2.19964 0.403296 0.29753 1.19951
169 431 0.114057 0.217035 -2.39789 0.406964 0.300828 1.19745
193 404 0.10601 0.194222 -2.6002 0.400017 0.299996 1.2
-0.139317 0.45107 0.0150027 0.976182 0.0242355 0.0137864 -0.118483

calibration result:(≥ı÷µ£∫0 0 0 0.976182 0.0242355 0.0137864 -0.118483)
fitted value:0.0349058 0.0430918 0.106695 0.996281 0.00239824 0.0138373 0.0491679 
k:116
judgement1 and judgement2:6.14527e-007 1.89622e-009
calibration time:181.253ms

calibration result:(≥ı÷µ£∫T0£¨R0)
fitted value:0.0349058 0.0430919 0.106695 0.996281 0.00239824 0.0138373 0.0491679 
k:122
judgement1 and judgement2:3.82831e-007 6.93943e-010
calibration time:232.103ms
