48
536.703 536.819 328.442 221.513
623 467 -0.00158718 0.699074 -1.40046 -0.298484 -0.501282 0.599687
659 607 0.000448945 1.00233 -1.39833 -0.298238 -0.501968 0.599235
313 470 0.797973 0.699293 -1.40151 -0.300321 -0.497724 0.601729
313 605 0.805412 0.997763 -1.39849 -0.29955 -0.500305 0.599971
623 464 -0.00067912 -0.299787 -1.40005 -0.300032 0.499395 0.600488
660 608 -0.00448019 0.00249477 -1.39999 -0.303456 0.498853 0.599216
315 472 0.798351 -0.301039 -1.40072 -0.299762 0.497847 0.601906
316 603 0.80213 7.50195e-005 -1.39878 -0.296235 0.500091 0.601792
625 466 -0.600012 0.695472 -1.40225 0.298381 -0.500396 0.600477
661 607 -0.599802 1.0002 -1.39994 0.29975 -0.50006 0.600075
313 471 0.198712 0.699844 -1.40026 0.300354 -0.499774 0.600011
314 605 0.200653 0.99921 -1.40047 0.301288 -0.500279 0.599121
621 467 -0.599988 -0.299873 -1.40003 0.300011 0.500026 0.599973
658 611 -0.599616 -0.00221494 -1.40016 0.300399 0.502063 0.598075
313 472 0.203653 -0.298699 -1.39975 0.30138 0.500499 0.598891
316 605 0.201472 -0.000212355 -1.39979 0.299918 0.500015 0.600028
623 463 0.00631251 0.701765 -1.69926 -0.303723 -0.498463 0.899604
662 608 -0.00295464 1.00673 -1.69602 -0.300417 -0.499614 0.900075
314 473 0.800746 0.700272 -1.69954 -0.301145 -0.498535 0.90043
315 603 0.796508 1.00154 -1.70073 -0.298712 -0.49658 0.902319
625 463 -0.000245772 -0.300341 -1.69994 -0.301186 0.499322 0.89998
658 610 -0.00226185 -0.00337196 -1.7 -0.303202 0.500587 0.898599
313 470 0.799843 -0.295025 -1.70094 -0.30223 0.500675 0.898878
313 605 0.802231 0.00532727 -1.69894 -0.296025 0.500668 0.900944
624 464 -0.602071 0.700203 -1.69918 0.300594 -0.501575 0.898925
660 611 -0.599298 1.00093 -1.6997 0.299919 -0.500006 0.900023
315 474 0.200544 0.703128 -1.69864 0.298737 -0.501049 0.899837
317 604 0.196754 0.997733 -1.70171 0.300197 -0.499536 0.900192
623 465 -0.601442 -0.301189 -1.69928 0.30091 0.499833 0.899789
660 609 -0.601189 5.1577e-005 -1.69958 0.29983 0.500124 0.899988
315 473 0.199673 -0.303251 -1.69946 0.296536 0.502812 0.899581
315 606 0.200016 -0.000278711 -1.7 0.301102 0.500775 0.899201
624 463 -0.00225724 0.695521 -2.00156 -0.29833 -0.504437 1.19856
658 611 -0.000101586 1.00335 -1.99832 -0.300269 -0.499814 1.20001
315 473 0.802794 0.705451 -1.99696 -0.299266 -0.501673 1.19948
313 604 0.799709 1.00027 -1.99998 -0.301057 -0.499542 1.19993
622 467 -0.00249459 -0.301857 -1.99972 -0.299692 0.494834 1.20222
658 611 0.00221019 0.00677785 -1.99999 -0.299777 0.499901 1.2001
317 472 0.802656 -0.300407 -1.99887 -0.300042 0.500023 1.19998
315 605 0.800033 -0.0017595 -1.99999 -0.300378 0.500298 1.19978
621 465 -0.602179 0.699099 -1.99966 0.29984 -0.501347 1.19948
660 609 -0.607062 0.997876 -1.99893 0.299965 -0.500017 1.2
317 472 0.203491 0.703204 -1.99852 0.299091 -0.501397 1.19964
317 605 0.193883 1.00294 -1.99913 0.301175 -0.498498 1.20033
622 463 -0.5967 -0.29695 -2.00144 0.300731 0.500912 1.19944
661 610 -0.602135 0.000193327 -1.99936 0.300158 0.498881 1.20043
315 471 0.199742 -0.299833 -2.00005 0.29949 0.504427 1.19827
315 604 0.195347 -0.0056701 -2.00045 0.300698 0.499927 1.19986
0 0 0 1 0 0 0 
calibration result:
fitted value:0.216176 0.294882 0.796917 0.966494 0.242966 0.073259 0.0215829 
k:4990
judgement1 and judgement2:2.04978e-008 3e-009
calibration time:582.714ms
