48
536.703 536.819 328.442 221.513
623 467 -0.00105754 0.699382 -1.40031 -0.29899 -0.500855 0.599791
659 607 0.00030023 1.00156 -1.39889 -0.298826 -0.501313 0.59949
313 470 0.79865 0.699528 -1.40101 -0.300214 -0.498483 0.601154
313 605 0.803609 0.998512 -1.39899 -0.2997 -0.500203 0.599981
623 464 -0.00045275 -0.299858 -1.40003 -0.300021 0.499597 0.600325
660 608 -0.0029864 0.0016639 -1.4 -0.302305 0.499236 0.599479
315 472 0.798901 -0.300692 -1.40048 -0.299841 0.498566 0.601271
316 603 0.80142 5.05357e-005 -1.39919 -0.297491 0.500062 0.601197
625 466 -0.600007 0.696982 -1.4015 0.298921 -0.500265 0.600318
661 607 -0.599868 1.00013 -1.39996 0.299834 -0.50004 0.60005
313 471 0.199142 0.699896 -1.40017 0.300236 -0.499849 0.600008
314 605 0.200435 0.999474 -1.40031 0.300858 -0.500187 0.599414
621 467 -0.599992 -0.299916 -1.40002 0.300008 0.500017 0.599982
658 611 -0.599745 -0.00147669 -1.40011 0.300266 0.501376 0.598717
313 472 0.202436 -0.299134 -1.39984 0.30092 0.500334 0.599261
316 605 0.200981 -0.000141931 -1.39986 0.299945 0.50001 0.600019
623 463 0.00420799 0.701179 -1.69951 -0.302483 -0.498977 0.899737
662 608 -0.00196799 1.00449 -1.69735 -0.300278 -0.499743 0.90005
314 473 0.800497 0.700181 -1.69969 -0.300764 -0.499023 0.900287
315 603 0.797673 1.00103 -1.70049 -0.299142 -0.497721 0.901548
625 463 -0.000163856 -0.300227 -1.69996 -0.300791 0.499548 0.899987
658 610 -0.00150666 -0.00224881 -1.7 -0.302135 0.500393 0.899067
313 470 0.799897 -0.296684 -1.70063 -0.301487 0.500451 0.899252
313 605 0.801489 0.00355132 -1.69929 -0.29735 0.500446 0.900631
624 464 -0.601381 0.700136 -1.69946 0.300397 -0.50105 0.899284
660 611 -0.599532 1.00062 -1.6998 0.299946 -0.500004 0.900016
315 474 0.200363 0.702086 -1.6991 0.299158 -0.500699 0.899891
317 604 0.197837 0.998488 -1.70114 0.300131 -0.499691 0.900128
623 465 -0.600961 -0.300793 -1.69952 0.300606 0.499889 0.899859
660 609 -0.600793 3.44894e-005 -1.69972 0.299887 0.500083 0.899992
315 473 0.199783 -0.302167 -1.69964 0.297692 0.501876 0.899722
315 606 0.200011 -0.000185809 -1.7 0.300734 0.500517 0.899467
624 463 -0.00150588 0.697015 -2.00104 -0.298887 -0.502959 1.19904
658 611 -6.75035e-005 1.00223 -1.99888 -0.30018 -0.499876 1.20001
315 473 0.801865 0.703634 -1.99798 -0.29951 -0.501115 1.19966
313 604 0.799806 1.00018 -1.99999 -0.300705 -0.499695 1.19995
622 467 -0.00166347 -0.301238 -1.99981 -0.299797 0.496557 1.20148
658 611 0.00147226 0.00451896 -1.99999 -0.299851 0.499934 1.20006
317 472 0.801771 -0.300272 -1.99925 -0.300028 0.500015 1.19999
315 605 0.800022 -0.00117301 -1.99999 -0.300252 0.500199 1.19985
621 465 -0.601453 0.6994 -1.99977 0.299893 -0.500898 1.19965
660 609 -0.604709 0.998587 -1.99929 0.299977 -0.500011 1.2
317 472 0.202329 0.702135 -1.99902 0.299394 -0.500931 1.19976
317 605 0.195921 1.00196 -1.99942 0.300783 -0.498999 1.20022
622 463 -0.5978 -0.297967 -2.00096 0.300487 0.500609 1.19962
661 610 -0.601424 0.000128068 -1.99957 0.300105 0.499254 1.20028
315 471 0.199828 -0.299889 -2.00003 0.299662 0.502952 1.19885
315 604 0.196899 -0.00378062 -2.0003 0.300466 0.499951 1.1999
0 0 0 1 0 0 0 
calibration result:
fitted value:0.2194 0.311864 0.795854 0.965414 0.247949 0.0724279 0.0212257 
k:3929
judgement1 and judgement2:1.22924e-008 2.82849e-009
calibration time:411.814ms
