0.123267 0.287565 0.801846 0.964914 0.239915 0.0992917 0.0307678 
0.183121 0.302738 0.799603 0.965369 0.244804 0.082623 0.0248147
0.2194 0.311864 0.795854 0.965414 0.247949 0.0724279 0.0212257
0.216176 0.294882 0.796917 0.966494 0.242966 0.073259 0.0215829
0.0723593 0.224038 0.803338 0.967363 0.220624 0.113125 0.0356872
0.0303188 0.203431 0.801408 0.967165 0.214013 0.124513 0.0400982
0.00596859 0.187887 0.799206 0.967116 0.209119 0.130977 0.0428619
-0.0134208 0.172976 0.796675 0.967124 0.204456 0.136045 0.0451948 
-0.030087 0.158098 0.793842 0.967164 0.199815 0.140348 0.0472906
-0.0449511 0.143481 0.790779 0.967195 0.195254 0.144153 0.0492047 
-0.0584428 0.129599 0.787605 0.967181 0.19091 0.14759 0.0509462 

standard value: 0.2,0.3,-0.8,0.965926,0.24554,0.07765,0.02588