48
536.703 536.819 328.442 221.513
623 467 -0.00371156 0.697848 -1.40107 -0.296455 -0.502983 0.599268
659 607 0.00103447 1.00544 -1.3961 -0.295878 -0.50458 0.59821
313 470 0.795261 0.698361 -1.40351 -0.300747 -0.494679 0.604023
313 605 0.81261 0.994736 -1.39648 -0.298949 -0.50071 0.599932
623 464 -0.00158457 -0.299502 -1.40011 -0.300074 0.498587 0.601138
660 608 -0.0104593 0.00581103 -1.39995 -0.308055 0.497307 0.598153
315 472 0.796155 -0.302434 -1.40167 -0.299444 0.494967 0.604435
316 603 0.804967 0.000167728 -1.39715 -0.291203 0.500192 0.604159
625 466 -0.600051 0.68942 -1.40522 0.29622 -0.500919 0.601111
661 607 -0.599537 1.00046 -1.39987 0.299417 -0.50014 0.600174
313 471 0.196996 0.699635 -1.40061 0.300826 -0.499471 0.600027
314 605 0.201523 0.998157 -1.4011 0.303009 -0.50064 0.597951
621 467 -0.599972 -0.299704 -1.40008 0.300027 0.50006 0.599936
658 611 -0.599098 -0.00516728 -1.40038 0.300938 0.5048 0.595495
313 472 0.208518 -0.29695 -1.39941 0.303222 0.501156 0.59741
316 605 0.203436 -0.000490441 -1.3995 0.299808 0.500036 0.600066
623 463 0.0147339 0.704089 -1.69825 -0.308674 -0.496387 0.899066
662 608 -0.00691892 1.01566 -1.69068 -0.300972 -0.499099 0.900176
314 473 0.80174 0.700634 -1.69892 -0.302668 -0.496577 0.901002
315 603 0.791845 1.00357 -1.70171 -0.296992 -0.492005 0.905388
625 463 -0.00057335 -0.300796 -1.69986 -0.302767 0.498416 0.899952
658 610 -0.00529498 -0.00785618 -1.69997 -0.307472 0.501347 0.896723
313 470 0.799608 -0.288391 -1.70219 -0.305202 0.501567 0.897375
313 605 0.805189 0.012433 -1.6975 -0.290717 0.501554 0.902179
624 464 -0.604833 0.700465 -1.69809 0.301372 -0.503677 0.897488
660 611 -0.598362 1.00218 -1.69929 0.299812 -0.500015 0.900054
315 474 0.201264 0.707297 -1.69683 0.297052 -0.502447 0.899615
317 604 0.192408 0.994719 -1.70397 0.30046 -0.498917 0.900447
623 465 -0.603369 -0.302767 -1.69832 0.302122 0.499605 0.899509
660 609 -0.602775 0.00011888 -1.69902 0.299603 0.500288 0.899972
315 473 0.199222 -0.307582 -1.69874 0.291907 0.506544 0.899001
315 606 0.200038 -0.000650303 -1.7 0.302576 0.501799 0.898134
624 463 -0.00525207 0.689536 -2.00363 -0.296089 -0.51034 1.19661
658 611 -0.00024012 1.0078 -1.99608 -0.300629 -0.499567 1.20002
315 473 0.80649 0.71272 -1.99289 -0.298289 -0.503903 1.19879
313 604 0.799322 1.00063 -1.99995 -0.302464 -0.498929 1.19983
622 467 -0.00581497 -0.30434 -1.99934 -0.299254 0.487934 1.20514
658 611 0.00517381 0.0158093 -1.99993 -0.299479 0.49977 1.20023
317 472 0.806195 -0.300944 -1.99737 -0.300099 0.500053 1.19995
315 605 0.800081 -0.00410541 -1.99996 -0.300882 0.500696 1.19949
621 465 -0.605082 0.69789 -1.99921 0.299626 -0.503142 1.19878
660 609 -0.616463 0.995008 -1.99748 0.299919 -0.50004 1.2
317 472 0.208122 0.707493 -1.99653 0.297877 -0.503258 1.19917
317 605 0.185744 1.00689 -1.99792 0.30274 -0.496494 1.20077
622 463 -0.592297 -0.292877 -2.00335 0.301711 0.502123 1.19868
661 610 -0.604981 0.000462528 -1.9985 0.300364 0.497388 1.20099
315 471 0.199399 -0.299611 -2.00012 0.298789 0.510319 1.19595
315 604 0.189131 -0.0132224 -2.00101 0.301629 0.499828 1.19966
0 0 0 1 0 0 0 
calibration result:
fitted value:-0.0134208 0.172976 0.796675 0.967124 0.204456 0.136045 0.0451948 
k:1624
judgement1 and judgement2:3.60324e-008 3.07126e-010
calibration time:184.515ms
