48
536.703 536.819 328.442 221.513
623 467 -0.00477721 0.69724 -1.40137 -0.295439 -0.503831 0.599058
659 607 0.00132162 1.00699 -1.39498 -0.294693 -0.505882 0.597695
313 470 0.793901 0.697901 -1.40451 -0.300958 -0.493153 0.605164
313 605 0.816201 0.993203 -1.39548 -0.298649 -0.500913 0.599913
623 464 -0.00203727 -0.299359 -1.40014 -0.300094 0.498183 0.601462
660 608 -0.0134511 0.00746481 -1.39992 -0.310351 0.496527 0.597614
315 472 0.795058 -0.303135 -1.40214 -0.299284 0.493522 0.605694
316 603 0.806385 0.000210946 -1.39633 -0.288683 0.500235 0.605333
625 466 -0.600079 0.686387 -1.40669 0.295139 -0.501178 0.601427
661 607 -0.599405 1.00059 -1.39983 0.299251 -0.50018 0.600224
313 471 0.196138 0.699529 -1.40078 0.301062 -0.49932 0.600035
314 605 0.201957 0.997629 -1.40141 0.303871 -0.500815 0.597366
621 467 -0.599965 -0.29962 -1.4001 0.300034 0.500078 0.599918
658 611 -0.598836 -0.00664306 -1.40048 0.30121 0.506162 0.594199
313 472 0.210948 -0.296069 -1.39923 0.304143 0.50148 0.596669
316 605 0.204418 -0.000627316 -1.39936 0.299754 0.500046 0.600085
623 463 0.0189466 0.705239 -1.69773 -0.311145 -0.495337 0.898794
662 608 -0.00891163 1.02011 -1.68798 -0.301248 -0.49884 0.900226
314 473 0.802237 0.700815 -1.69861 -0.303427 -0.495596 0.901286
315 603 0.789509 1.00458 -1.7022 -0.29613 -0.489712 0.906912
625 463 -0.00073709 -0.301023 -1.69982 -0.303557 0.497962 0.899937
658 610 -0.00681894 -0.0100932 -1.69996 -0.309607 0.501716 0.895782
313 470 0.79948 -0.285074 -1.70281 -0.306688 0.50201 0.896621
313 605 0.80666 0.0159869 -1.69677 -0.288061 0.501995 0.902786
624 464 -0.606214 0.700592 -1.69755 0.301755 -0.504729 0.896767
660 611 -0.597893 1.0028 -1.69909 0.299758 -0.500019 0.90007
315 474 0.201622 0.70938 -1.69592 0.29621 -0.503146 0.899502
317 604 0.190228 0.993216 -1.70509 0.300592 -0.498607 0.900575
623 465 -0.604334 -0.303553 -1.69783 0.302728 0.49949 0.89937
660 609 -0.603568 0.000151903 -1.69874 0.299489 0.50037 0.899965
315 473 0.198991 -0.309747 -1.69837 0.289587 0.508403 0.898702
315 606 0.200049 -0.000836089 -1.69999 0.303316 0.502307 0.897601
624 463 -0.00674312 0.686537 -2.00465 -0.294963 -0.513286 1.19563
658 611 -0.00031071 1.01003 -1.99495 -0.300809 -0.499443 1.20003
315 473 0.808325 0.716355 -1.99084 -0.297801 -0.505018 1.19845
313 604 0.799128 1.00081 -1.99994 -0.303167 -0.498621 1.19978
622 467 -0.0074727 -0.305584 -1.99914 -0.299022 0.48448 1.20659
658 611 0.00666276 0.0203226 -1.99989 -0.29933 0.499705 1.20029
317 472 0.807964 -0.301211 -1.99661 -0.300127 0.500067 1.19994
315 605 0.800106 -0.00527832 -1.99995 -0.301133 0.500895 1.19934
621 465 -0.606532 0.697283 -1.99898 0.299519 -0.504039 1.19843
660 609 -0.621158 0.993558 -1.99675 0.299896 -0.500051 1.2
317 472 0.210427 0.709644 -1.99553 0.29727 -0.504188 1.19893
317 605 0.18168 1.00887 -1.99729 0.303522 -0.495491 1.20098
622 463 -0.590096 -0.290838 -2.0043 0.302204 0.502726 1.19831
661 610 -0.606402 0.000602027 -1.99807 0.300466 0.496641 1.20128
315 471 0.199227 -0.2995 -2.00015 0.298428 0.513261 1.19478
315 604 0.186017 -0.0169952 -2.00128 0.302094 0.499779 1.19957
0 0 0 1 0 0 0 
calibration result:
fitted value:-0.0449511 0.143481 0.790779 0.967195 0.195254 0.144153 0.0492047 
k:1439
judgement1 and judgement2:1.26936e-007 9.046e-009
calibration time:203.264ms
