48
536.703 536.819 328.442 221.513
623 467 -0.0031796 0.698153 -1.40092 -0.296963 -0.502559 0.599373
659 607 0.000889487 1.00466 -1.39666 -0.296469 -0.503928 0.598467
313 470 0.79594 0.698593 -1.40301 -0.300641 -0.495442 0.603451
313 605 0.810812 0.995497 -1.39699 -0.299099 -0.500609 0.599942
623 464 -0.00135821 -0.299573 -1.40009 -0.300063 0.498789 0.600975
660 608 -0.00896391 0.00498306 -1.39996 -0.306907 0.497695 0.598421
315 472 0.796704 -0.302084 -1.40143 -0.299523 0.495688 0.603804
316 603 0.804258 0.000145335 -1.39756 -0.292462 0.500169 0.60357
625 466 -0.600039 0.690934 -1.40448 0.29676 -0.500789 0.600952
661 607 -0.599603 1.00039 -1.39989 0.2995 -0.50012 0.60015
313 471 0.197425 0.699687 -1.40052 0.300708 -0.499547 0.600023
314 605 0.201305 0.99842 -1.40094 0.302578 -0.500551 0.598243
621 467 -0.599976 -0.299747 -1.40006 0.300023 0.500052 0.599945
658 611 -0.599228 -0.00442929 -1.40032 0.300802 0.504117 0.596141
313 472 0.207302 -0.297389 -1.39949 0.302761 0.500993 0.597781
316 605 0.202945 -0.000421461 -1.39958 0.299836 0.500031 0.600057
623 463 0.0126281 0.703511 -1.6985 -0.307438 -0.496909 0.899202
662 608 -0.0059252 1.01343 -1.69202 -0.300833 -0.499228 0.900151
314 473 0.801492 0.700543 -1.69907 -0.302287 -0.497067 0.900859
315 603 0.793012 1.00307 -1.70147 -0.297422 -0.49315 0.904623
625 463 -0.000491468 -0.300682 -1.69988 -0.302372 0.498643 0.899959
658 610 -0.00453484 -0.00673639 -1.69998 -0.306404 0.501159 0.897193
313 470 0.799669 -0.29005 -1.70188 -0.304459 0.501345 0.897751
313 605 0.804451 0.0106563 -1.69786 -0.292045 0.501333 0.901873
624 464 -0.604142 0.700401 -1.69837 0.301179 -0.503151 0.897847
660 611 -0.598596 1.00187 -1.69939 0.299839 -0.500013 0.900047
315 474 0.201085 0.706255 -1.69728 0.297473 -0.502098 0.899671
317 604 0.193496 0.995471 -1.70341 0.300394 -0.499072 0.900384
623 465 -0.602887 -0.302373 -1.69856 0.301819 0.499663 0.899579
660 609 -0.602379 0.000102211 -1.69916 0.299659 0.500247 0.899976
315 473 0.199337 -0.3065 -1.69892 0.293065 0.505613 0.899149
315 606 0.200032 -0.000557407 -1.7 0.302207 0.501544 0.898401
624 463 -0.00450495 0.691033 -2.00311 -0.296651 -0.508866 1.1971
658 611 -0.000205156 1.00669 -1.99664 -0.300539 -0.499629 1.20002
315 473 0.805569 0.710902 -1.99391 -0.298533 -0.503346 1.19897
313 604 0.799419 1.00054 -1.99996 -0.302112 -0.499083 1.19985
622 467 -0.00498549 -0.303718 -1.99943 -0.299366 0.48966 1.20441
658 611 0.00443112 0.0135521 -1.99995 -0.299553 0.499803 1.20019
317 472 0.805311 -0.300811 -1.99775 -0.300085 0.500045 1.19996
315 605 0.800069 -0.00351894 -1.99997 -0.300756 0.500596 1.19956
621 465 -0.604357 0.698193 -1.99932 0.299679 -0.502694 1.19895
660 609 -0.614114 0.995729 -1.99785 0.299931 -0.500034 1.2
317 472 0.206967 0.706419 -1.99703 0.298181 -0.502793 1.19929
317 605 0.187777 1.0059 -1.99823 0.302349 -0.496995 1.20066
622 463 -0.593398 -0.293896 -2.00287 0.301465 0.501821 1.19887
661 610 -0.60427 0.000394003 -1.99871 0.300313 0.497761 1.20085
315 471 0.199485 -0.299666 -2.0001 0.298966 0.508847 1.19653
315 604 0.190686 -0.0113352 -2.00088 0.301396 0.499853 1.19971
0 0 0 1 0 0 0 
calibration result:
fitted value:0.00596859 0.187887 0.799206 0.967116 0.209119 0.130977 0.0428619 
k:1594
judgement1 and judgement2:3.79171e-008 7.56963e-010
calibration time:169.232ms
