48
536.703 536.819 328.442 221.513
623 467 -0.00264822 0.69846 -1.40077 -0.29747 -0.502134 0.599477
659 607 0.000743574 1.00389 -1.39722 -0.297059 -0.503276 0.598723
313 470 0.796619 0.698825 -1.40251 -0.300534 -0.496203 0.602878
313 605 0.809013 0.996256 -1.39749 -0.29925 -0.500507 0.599952
623 464 -0.00113185 -0.299644 -1.40008 -0.300053 0.498991 0.600813
660 608 -0.00746895 0.00415435 -1.39997 -0.305757 0.498082 0.598687
315 472 0.797253 -0.301735 -1.40119 -0.299603 0.496409 0.603172
316 603 0.803549 0.000122419 -1.39797 -0.293721 0.500144 0.602979
625 466 -0.600028 0.692448 -1.40374 0.297301 -0.500658 0.600794
661 607 -0.599669 1.00033 -1.39991 0.299584 -0.5001 0.600125
313 471 0.197854 0.69974 -1.40043 0.30059 -0.499622 0.600019
314 605 0.201088 0.998684 -1.40078 0.302148 -0.500462 0.598536
621 467 -0.59998 -0.299789 -1.40005 0.300019 0.500043 0.599955
658 611 -0.599358 -0.00369124 -1.40027 0.300667 0.503433 0.596786
313 472 0.206086 -0.297827 -1.39958 0.302301 0.500829 0.598151
316 605 0.202454 -0.00035212 -1.39965 0.299863 0.500026 0.600047
623 463 0.0105226 0.702931 -1.69876 -0.3062 -0.497429 0.899337
662 608 -0.00493325 1.0112 -1.69335 -0.300694 -0.499357 0.900126
314 473 0.801243 0.700453 -1.69923 -0.301907 -0.497556 0.900716
315 603 0.794178 1.00256 -1.70122 -0.297852 -0.494295 0.903857
625 463 -0.000409578 -0.300568 -1.6999 -0.301977 0.498869 0.899966
658 610 -0.00377594 -0.00561575 -1.69999 -0.305337 0.50097 0.897663
313 470 0.799729 -0.291709 -1.70157 -0.303716 0.501122 0.898127
313 605 0.803712 0.00887974 -1.69822 -0.293372 0.501112 0.901565
624 464 -0.603452 0.700335 -1.69864 0.300985 -0.502626 0.898207
660 611 -0.59883 1.00156 -1.6995 0.299866 -0.500011 0.900039
315 474 0.200905 0.705213 -1.69774 0.297894 -0.501748 0.899726
317 604 0.194583 0.996224 -1.70284 0.300329 -0.499226 0.90032
623 465 -0.602405 -0.301979 -1.6988 0.301516 0.49972 0.899649
660 609 -0.601982 8.5438e-005 -1.6993 0.299716 0.500206 0.89998
315 473 0.19945 -0.305417 -1.6991 0.294223 0.50468 0.899294
315 606 0.200027 -0.00046451 -1.7 0.301838 0.501288 0.898668
624 463 -0.00375678 0.69253 -2.0026 -0.297211 -0.50739 1.19759
658 611 -0.000170412 1.00558 -1.9972 -0.300449 -0.499691 1.20002
315 473 0.804646 0.709085 -1.99493 -0.298777 -0.502788 1.19914
313 604 0.799515 1.00045 -1.99997 -0.301761 -0.499236 1.19988
622 467 -0.0041556 -0.303097 -1.99953 -0.299477 0.491386 1.20368
658 611 0.00368962 0.0112944 -1.99996 -0.299628 0.499836 1.20016
317 472 0.804426 -0.300676 -1.99812 -0.30007 0.500037 1.19997
315 605 0.800057 -0.00293247 -1.99998 -0.30063 0.500497 1.19964
621 465 -0.603631 0.698495 -1.99943 0.299733 -0.502245 1.19913
660 609 -0.611764 0.996447 -1.99821 0.299942 -0.500029 1.2
317 472 0.20581 0.705346 -1.99753 0.298484 -0.502328 1.19941
317 605 0.189811 1.00491 -1.99853 0.301958 -0.497496 1.20055
622 463 -0.594499 -0.294914 -2.0024 0.30122 0.501518 1.19906
661 610 -0.603558 0.000326295 -1.99893 0.300261 0.498134 1.20071
315 471 0.19957 -0.299722 -2.00008 0.299142 0.507375 1.19712
315 604 0.192241 -0.00944738 -2.00074 0.301164 0.499878 1.19976
0 0 0 1 0 0 0 
calibration result:
fitted value:0.0303188 0.203431 0.801408 0.967165 0.214013 0.124513 0.0400982 
k:1700
judgement1 and judgement2:2.82218e-008 8.91929e-010
calibration time:178.612ms
