48
536.703 536.819 328.442 221.513
623 467 -0.00211741 0.698766 -1.40061 -0.297977 -0.501708 0.599582
659 607 0.000596726 1.00311 -1.39777 -0.297649 -0.502622 0.598979
313 470 0.797297 0.699058 -1.40201 -0.300428 -0.496964 0.602304
313 605 0.807213 0.997011 -1.39799 -0.2994 -0.500406 0.599961
623 464 -0.000905486 -0.299715 -1.40006 -0.300043 0.499193 0.60065
660 608 -0.00597437 0.00332492 -1.39998 -0.304607 0.498468 0.598952
315 472 0.797802 -0.301387 -1.40096 -0.299683 0.497128 0.602539
316 603 0.80284 9.89807e-005 -1.39837 -0.294978 0.500118 0.602387
625 466 -0.600019 0.693961 -1.403 0.297841 -0.500528 0.600636
661 607 -0.599735 1.00026 -1.39993 0.299667 -0.50008 0.6001
313 471 0.198283 0.699792 -1.40035 0.300472 -0.499698 0.600015
314 605 0.20087 0.998947 -1.40063 0.301718 -0.500371 0.598828
621 467 -0.599984 -0.299831 -1.40004 0.300015 0.500035 0.599964
658 611 -0.599487 -0.00295312 -1.40022 0.300533 0.502749 0.597431
313 472 0.20487 -0.298263 -1.39967 0.30184 0.500665 0.598521
316 605 0.201963 -0.000282418 -1.39972 0.29989 0.50002 0.600038
623 463 0.00841736 0.702349 -1.69901 -0.304962 -0.497947 0.899471
662 608 -0.00394306 1.00897 -1.69469 -0.300556 -0.499485 0.9001
314 473 0.800995 0.700362 -1.69938 -0.301526 -0.498046 0.900573
315 603 0.795343 1.00205 -1.70098 -0.298282 -0.495438 0.903089
625 463 -0.000327679 -0.300455 -1.69992 -0.301582 0.499096 0.899973
658 610 -0.00301828 -0.00449428 -1.69999 -0.304269 0.50078 0.898131
313 470 0.799787 -0.293367 -1.70126 -0.302973 0.500899 0.898503
313 605 0.802972 0.00710342 -1.69858 -0.294698 0.50089 0.901256
624 464 -0.602762 0.70027 -1.69891 0.30079 -0.5021 0.898566
660 611 -0.599064 1.00125 -1.6996 0.299892 -0.500009 0.900031
315 474 0.200725 0.704171 -1.69819 0.298315 -0.501399 0.899782
317 604 0.195669 0.996978 -1.70228 0.300263 -0.499381 0.900256
623 465 -0.601924 -0.301584 -1.69904 0.301213 0.499776 0.899719
660 609 -0.601586 6.85599e-005 -1.69944 0.299773 0.500165 0.899984
315 473 0.199562 -0.304334 -1.69928 0.29538 0.503747 0.899439
315 606 0.200021 -0.000371611 -1.7 0.30147 0.501032 0.898934
624 463 -0.00300754 0.694026 -2.00208 -0.297771 -0.505914 1.19807
658 611 -0.000135889 1.00446 -1.99776 -0.300359 -0.499752 1.20001
315 473 0.803721 0.707268 -1.99595 -0.299021 -0.502231 1.19931
313 604 0.799612 1.00036 -1.99997 -0.301409 -0.499389 1.1999
622 467 -0.0033253 -0.302477 -1.99962 -0.299585 0.49311 1.20295
658 611 0.00294931 0.00903633 -1.99998 -0.299702 0.499869 1.20013
317 472 0.803541 -0.300542 -1.9985 -0.300056 0.50003 1.19997
315 605 0.800045 -0.00234599 -1.99998 -0.300504 0.500397 1.19971
621 465 -0.602905 0.698797 -1.99955 0.299786 -0.501796 1.1993
660 609 -0.609414 0.997163 -1.99857 0.299954 -0.500023 1.2
317 472 0.204652 0.704275 -1.99803 0.298788 -0.501862 1.19952
317 605 0.191847 1.00393 -1.99883 0.301566 -0.497997 1.20044
622 463 -0.595599 -0.295932 -2.00192 0.300975 0.501215 1.19925
661 610 -0.602847 0.000259403 -1.99914 0.30021 0.498508 1.20057
315 471 0.199656 -0.299778 -2.00007 0.299317 0.505901 1.1977
315 604 0.193795 -0.00755902 -2.0006 0.300931 0.499902 1.19981
0 0 0 1 0 0 0 
calibration result:
fitted value:0.0723593 0.224038 0.803338 0.967363 0.220624 0.113125 0.0356872 
k:3634
judgement1 and judgement2:4.14575e-008 1.4999e-008
calibration time:435.225ms
