0.200254 0.300039 -0.800013 0.964984 0.245543 0.0776127 0.0258398
0.201293 0.300107 -0.799923 0.762182 0.190994 0.061477 0.0201918 
0.202451 0.300259 -0.799838 0.583624 0.144274 0.047247 0.015289
0.203606 0.30044 -0.799731 0.469765 0.114565 0.0381878 0.0121734
0.204754 0.300645 -0.799594 0.393118 0.0945832 0.0321047 0.0100783
0.2059 0.300872 -0.799427 0.338368 0.0803191 0.0277712 0.00858088
0.207045 0.301118 -0.799224 0.29723 0.0696126 0.0245257 0.00745409
0.208193 0.301383 -0.798984 0.265182 0.0612752 0.0220062 0.00657454
0.209345 0.301666 -0.798701 0.239471 0.0545931 0.0199936 0.00586697
0.210503 0.301967 -0.798376 0.218357 0.049117 0.0183496 0.00528387
0.21167 0.302285 -0.798006 0.200709 0.0445451 0.016983 0.0047945


standard value: 0.2,0.3,-0.8,0.965926,0.24554,0.07765,0.02588