48
536.703 536.819 328.442 221.513
623 467 -0.000528476 0.699691 -1.40015 -0.299495 -0.500428 0.599896
659 607 0.000150582 1.00078 -1.39944 -0.299413 -0.500657 0.599745
313 470 0.799325 0.699763 -1.4005 -0.300107 -0.499242 0.600577
313 605 0.801805 0.999258 -1.3995 -0.29985 -0.500102 0.59999
623 464 -0.000226376 -0.299929 -1.40002 -0.300011 0.499798 0.600163
660 608 -0.001493 0.00083231 -1.4 -0.301153 0.499619 0.59974
315 472 0.79945 -0.300346 -1.40024 -0.299921 0.499283 0.600636
316 603 0.80071 2.55291e-005 -1.39959 -0.298746 0.500032 0.600599
625 466 -0.600003 0.698492 -1.40075 0.29946 -0.500133 0.600159
661 607 -0.599934 1.00007 -1.39998 0.299917 -0.50002 0.600025
313 471 0.199571 0.699948 -1.40009 0.300118 -0.499925 0.600004
314 605 0.200218 0.999737 -1.40016 0.300429 -0.500094 0.599707
621 467 -0.599996 -0.299958 -1.40001 0.300004 0.500009 0.599991
658 611 -0.599873 -0.000738376 -1.40005 0.300133 0.500689 0.599359
313 472 0.201218 -0.299567 -1.39992 0.30046 0.500167 0.59963
316 605 0.200491 -7.11461e-005 -1.39993 0.299973 0.500005 0.600009
623 463 0.00210382 0.70059 -1.69976 -0.301242 -0.499489 0.899869
662 608 -0.000983106 1.00225 -1.69868 -0.300139 -0.499871 0.900025
314 473 0.800249 0.700091 -1.69985 -0.300382 -0.499512 0.900144
315 603 0.798837 1.00051 -1.70024 -0.299571 -0.498861 0.900775
625 463 -8.19322e-005 -0.300114 -1.69998 -0.300396 0.499774 0.899994
658 610 -0.000752709 -0.00112482 -1.7 -0.301067 0.500197 0.899534
313 470 0.799949 -0.298342 -1.70032 -0.300743 0.500226 0.899626
313 605 0.800745 0.00177556 -1.69965 -0.298675 0.500223 0.900317
624 464 -0.60069 0.700068 -1.69973 0.300199 -0.500525 0.899642
660 611 -0.599766 1.00031 -1.6999 0.299973 -0.500002 0.900008
315 474 0.200182 0.701043 -1.69955 0.299579 -0.50035 0.899946
317 604 0.198919 0.999244 -1.70057 0.300066 -0.499845 0.900064
623 465 -0.60048 -0.300397 -1.69976 0.300303 0.499945 0.89993
660 609 -0.600397 1.72971e-005 -1.69986 0.299943 0.500041 0.899996
315 473 0.199892 -0.301084 -1.69982 0.298846 0.500938 0.899862
315 606 0.200005 -9.29052e-005 -1.7 0.300367 0.500259 0.899734
624 463 -0.000753471 0.698508 -2.00052 -0.299444 -0.50148 1.19952
658 611 -3.36415e-005 1.00112 -1.99944 -0.30009 -0.499938 1.2
315 473 0.800934 0.701817 -1.99899 -0.299755 -0.500558 1.19983
313 604 0.799903 1.00009 -1.99999 -0.300352 -0.499848 1.19998
622 467 -0.000831938 -0.300619 -1.99991 -0.299899 0.498279 1.20074
658 611 0.000735534 0.00225968 -2 -0.299926 0.499967 1.20003
317 472 0.800885 -0.300136 -1.99963 -0.300014 0.500008 1.19999
315 605 0.800011 -0.000586506 -2 -0.300126 0.500099 1.19993
621 465 -0.600727 0.6997 -1.99989 0.299947 -0.500449 1.19983
660 609 -0.602355 0.999295 -1.99964 0.299988 -0.500006 1.2
317 472 0.201165 0.701067 -1.99951 0.299697 -0.500466 1.19988
317 605 0.19796 1.00098 -1.99971 0.300392 -0.4995 1.20011
622 463 -0.5989 -0.298984 -2.00048 0.300243 0.500304 1.19981
661 610 -0.600712 6.36256e-005 -1.99979 0.300053 0.499627 1.20014
315 471 0.199914 -0.299944 -2.00002 0.299832 0.501476 1.19943
315 604 0.19845 -0.00189059 -2.00015 0.300233 0.499976 1.19995
0 0 0 1 0 0 0 
calibration result:
fitted value:0.183121 0.302738 0.799603 0.965369 0.244804 0.082623 0.0248147 
k:4989
judgement1 and judgement2:8.02146e-009 2.38265e-010
calibration time:577.588ms
