48
536.703 536.819 328.442 221.513
623 467 -0.00531089 0.696936 -1.40152 -0.294929 -0.504254 0.598953
659 607 0.0014638 1.00777 -1.39442 -0.2941 -0.506531 0.597438
313 470 0.79322 0.697672 -1.40501 -0.301064 -0.492389 0.605734
313 605 0.817994 0.992432 -1.39498 -0.298499 -0.501014 0.599903
623 464 -0.00226362 -0.299288 -1.40015 -0.300104 0.497981 0.601625
660 608 -0.0149476 0.0082906 -1.3999 -0.311498 0.496136 0.597343
315 472 0.79451 -0.303487 -1.40237 -0.299204 0.492798 0.606322
316 603 0.807093 0.000231771 -1.39592 -0.287421 0.500253 0.605917
625 466 -0.600096 0.68487 -1.40742 0.294598 -0.501306 0.601584
661 607 -0.599339 1.00066 -1.39981 0.299167 -0.5002 0.600249
313 471 0.195708 0.699476 -1.40087 0.30118 -0.499244 0.600039
314 605 0.202174 0.997365 -1.40157 0.304302 -0.500902 0.597074
621 467 -0.599961 -0.299578 -1.40011 0.300038 0.500086 0.599909
658 611 -0.598705 -0.00738085 -1.40053 0.301346 0.506842 0.59355
313 472 0.212162 -0.295627 -1.39914 0.304604 0.501642 0.596299
316 605 0.204909 -0.000695212 -1.39929 0.299726 0.500051 0.600094
623 463 0.0210534 0.70581 -1.69747 -0.312379 -0.49481 0.898656
662 608 -0.00991061 1.02234 -1.68663 -0.301387 -0.498711 0.900252
314 473 0.802486 0.700905 -1.69845 -0.303806 -0.495105 0.901428
315 603 0.788341 1.00508 -1.70245 -0.295698 -0.488564 0.907672
625 463 -0.000818947 -0.301137 -1.6998 -0.303952 0.497735 0.899929
658 610 -0.00758277 -0.0112105 -1.69995 -0.310674 0.501898 0.89531
313 470 0.799413 -0.283415 -1.70312 -0.30743 0.502231 0.896243
313 605 0.807394 0.0177641 -1.69641 -0.286732 0.502214 0.903087
624 464 -0.606905 0.700655 -1.69728 0.301946 -0.505256 0.896407
660 611 -0.597659 1.00311 -1.69899 0.299731 -0.500022 0.900078
315 474 0.2018 0.710421 -1.69546 0.295788 -0.503496 0.899445
317 604 0.189136 0.992465 -1.70565 0.300658 -0.498453 0.900639
623 465 -0.604817 -0.303945 -1.69759 0.303031 0.499431 0.8993
660 609 -0.603964 0.000168258 -1.6986 0.299432 0.500411 0.899961
315 473 0.198873 -0.310829 -1.69819 0.288427 0.509331 0.89855
315 606 0.200055 -0.00092898 -1.69999 0.303686 0.50256 0.897334
624 463 -0.00748704 0.685037 -2.00516 -0.294398 -0.514758 1.19514
658 611 -0.000346336 1.01114 -1.99439 -0.300898 -0.499382 1.20003
315 473 0.809239 0.718173 -1.98981 -0.297557 -0.505576 1.19827
313 604 0.799031 1.0009 -1.99994 -0.303518 -0.498466 1.19975
622 467 -0.00830094 -0.306206 -1.99904 -0.298904 0.482752 1.20731
658 611 0.00740902 0.0225786 -1.99986 -0.299256 0.499672 1.20032
317 472 0.808849 -0.301344 -1.99624 -0.300141 0.500075 1.19993
315 605 0.800119 -0.00586477 -1.99994 -0.301259 0.500995 1.19927
621 465 -0.607257 0.696979 -1.99886 0.299465 -0.504488 1.19825
660 609 -0.623503 0.99283 -1.99638 0.299884 -0.500057 1.20001
317 472 0.211576 0.710721 -1.99502 0.296966 -0.504652 1.19881
317 605 0.17965 1.00986 -1.99698 0.303913 -0.494989 1.20109
622 463 -0.588994 -0.289818 -2.00477 0.30245 0.503027 1.19812
661 610 -0.607113 0.000673 -1.99785 0.300517 0.496267 1.20142
315 471 0.199141 -0.299444 -2.00017 0.298246 0.514731 1.1942
315 604 0.184458 -0.0188807 -2.0014 0.302327 0.499754 1.19952
0 0 0 1 0 0 0 
calibration result:
fitted value:-0.0584428 0.129599 0.787605 0.967181 0.19091 0.14759 0.0509462 
k:1133
judgement1 and judgement2:6.47034e-008 2.98436e-009
calibration time:141.273ms
