48
536.703 536.819 328.442 221.513
623 467 -0.0042441 0.697544 -1.40122 -0.295947 -0.503407 0.599163
659 607 0.00117851 1.00622 -1.39554 -0.295286 -0.505231 0.597953
313 470 0.794582 0.698131 -1.40401 -0.300853 -0.493917 0.604594
313 605 0.814406 0.993971 -1.39598 -0.298799 -0.500812 0.599923
623 464 -0.00181092 -0.29943 -1.40012 -0.300084 0.498385 0.6013
660 608 -0.011955 0.00663828 -1.39993 -0.309203 0.496918 0.597884
315 472 0.795607 -0.302784 -1.4019 -0.299364 0.494245 0.605065
316 603 0.805676 0.000189598 -1.39674 -0.289943 0.500214 0.604747
625 466 -0.600064 0.687904 -1.40596 0.29568 -0.501048 0.601269
661 607 -0.599471 1.00053 -1.39985 0.299334 -0.50016 0.600199
313 471 0.196567 0.699582 -1.40069 0.300944 -0.499395 0.600031
314 605 0.20174 0.997893 -1.40125 0.303439 -0.500728 0.597659
621 467 -0.599969 -0.299662 -1.40009 0.30003 0.500069 0.599927
658 611 -0.598967 -0.0059052 -1.40043 0.301073 0.505482 0.594847
313 472 0.209733 -0.29651 -1.39932 0.303683 0.501319 0.59704
316 605 0.203927 -0.000559059 -1.39943 0.299781 0.500041 0.600075
623 463 0.0168401 0.704665 -1.69799 -0.30991 -0.495863 0.89893
662 608 -0.00791439 1.01789 -1.68933 -0.30111 -0.49897 0.900201
314 473 0.801989 0.700724 -1.69876 -0.303047 -0.496087 0.901144
315 603 0.790677 1.00408 -1.70196 -0.296561 -0.490859 0.906151
625 463 -0.000655224 -0.300909 -1.69984 -0.303162 0.498189 0.899945
658 610 -0.00605635 -0.00897513 -1.69997 -0.308539 0.501532 0.896253
313 470 0.799545 -0.286733 -1.7025 -0.305945 0.501789 0.896998
313 605 0.805925 0.0142098 -1.69714 -0.289389 0.501774 0.902483
624 464 -0.605524 0.700529 -1.69782 0.301564 -0.504203 0.897128
660 611 -0.598128 1.00249 -1.69919 0.299785 -0.500017 0.900062
315 474 0.201443 0.708338 -1.69637 0.296631 -0.502797 0.899558
317 604 0.191318 0.993967 -1.70453 0.300526 -0.498762 0.900511
623 465 -0.603852 -0.30316 -1.69807 0.302425 0.499548 0.899439
660 609 -0.603171 0.000135444 -1.69888 0.299546 0.500329 0.899968
315 473 0.199107 -0.308665 -1.69855 0.290748 0.507474 0.898852
315 606 0.200043 -0.000743197 -1.69999 0.302946 0.502053 0.897868
624 463 -0.00599812 0.688037 -2.00414 -0.295526 -0.511813 1.19612
658 611 -0.000275305 1.00892 -1.99552 -0.300719 -0.499505 1.20003
315 473 0.807408 0.714538 -1.99187 -0.298045 -0.504461 1.19862
313 604 0.799225 1.00072 -1.99995 -0.302816 -0.498775 1.1998
622 467 -0.00664404 -0.304961 -1.99924 -0.299139 0.486208 1.20587
658 611 0.0059177 0.0180662 -1.99991 -0.299405 0.499737 1.20026
317 472 0.80708 -0.301078 -1.99699 -0.300113 0.50006 1.19995
315 605 0.800093 -0.00469187 -1.99996 -0.301008 0.500795 1.19942
621 465 -0.605807 0.697587 -1.99909 0.299572 -0.503591 1.1986
660 609 -0.618811 0.994285 -1.99712 0.299908 -0.500046 1.2
317 472 0.209275 0.708568 -1.99603 0.297573 -0.503723 1.19905
317 605 0.183711 1.00788 -1.99761 0.303131 -0.495992 1.20088
622 463 -0.591196 -0.291857 -2.00382 0.301957 0.502425 1.1985
661 610 -0.605692 0.000531869 -1.99828 0.300415 0.497014 1.20114
315 471 0.199313 -0.299555 -2.00014 0.298609 0.51179 1.19537
315 604 0.187574 -0.0151091 -2.00115 0.301862 0.499804 1.19961
0 0 0 1 0 0 0 
calibration result:
fitted value:-0.030087 0.158098 0.793842 0.967164 0.199815 0.140348 0.0472906 
k:1504
judgement1 and judgement2:8.29597e-008 4.97189e-014
calibration time:209.937ms
