48
536.703 536.819 328.442 221.513
623 467 0 0.7 -1.4 -0.3 -0.5 0.6
659 607 0 1 -1.4 -0.3 -0.5 0.6
313 470 0.8 0.7 -1.4 -0.3 -0.5 0.6
313 605 0.8 1 -1.4 -0.3 -0.5 0.6
623 464 0 -0.3 -1.4 -0.3 0.5 0.6
660 608 0 0 -1.4 -0.3 0.5 0.6
315 472 0.8 -0.3 -1.4 -0.3 0.5 0.6
316 603 0.8 0 -1.4 -0.3 0.5 0.6
625 466 -0.6 0.7 -1.4 0.3 -0.5 0.6
661 607 -0.6 1 -1.4 0.3 -0.5 0.6
313 471 0.2 0.7 -1.4 0.3 -0.5 0.6
314 605 0.2 1 -1.4 0.3 -0.5 0.6
621 467 -0.6 -0.3 -1.4 0.3 0.5 0.6
658 611 -0.6 0 -1.4 0.3 0.5 0.6
313 472 0.2 -0.3 -1.4 0.3 0.5 0.6
316 605 0.2 0 -1.4 0.3 0.5 0.6
623 463 0 0.7 -1.7 -0.3 -0.5 0.9
662 608 0 1 -1.7 -0.3 -0.5 0.9
314 473 0.8 0.7 -1.7 -0.3 -0.5 0.9
315 603 0.8 1 -1.7 -0.3 -0.5 0.9
625 463 0 -0.3 -1.7 -0.3 0.5 0.9
658 610 0 0 -1.7 -0.3 0.5 0.9
313 470 0.8 -0.3 -1.7 -0.3 0.5 0.9
313 605 0.8 0 -1.7 -0.3 0.5 0.9
624 464 -0.6 0.7 -1.7 0.3 -0.5 0.9
660 611 -0.6 1 -1.7 0.3 -0.5 0.9
315 474 0.2 0.7 -1.7 0.3 -0.5 0.9
317 604 0.2 1 -1.7 0.3 -0.5 0.9
623 465 -0.6 -0.3 -1.7 0.3 0.5 0.9
660 609 -0.6 0 -1.7 0.3 0.5 0.9
315 473 0.2 -0.3 -1.7 0.3 0.5 0.9
315 606 0.2 0 -1.7 0.3 0.5 0.9
624 463 0 0.7 -2 -0.3 -0.5 1.2
658 611 0 1 -2 -0.3 -0.5 1.2
315 473 0.8 0.7 -2 -0.3 -0.5 1.2
313 604 0.8 1 -2 -0.3 -0.5 1.2
622 467 0 -0.3 -2 -0.3 0.5 1.2
658 611 0 0 -2 -0.3 0.5 1.2
317 472 0.8 -0.3 -2 -0.3 0.5 1.2
315 605 0.8 0 -2 -0.3 0.5 1.2
621 465 -0.6 0.7 -2 0.3 -0.5 1.2
660 609 -0.6 1 -2 0.3 -0.5 1.2
317 472 0.2 0.7 -2 0.3 -0.5 1.2
317 605 0.2 1 -2 0.3 -0.5 1.2
622 463 -0.6 -0.3 -2 0.3 0.5 1.2
661 610 -0.6 0 -2 0.3 0.5 1.2
315 471 0.2 -0.3 -2 0.3 0.5 1.2
315 604 0.2 0 -2 0.3 0.5 1.2
0 0 0 1 0 0 0 
calibration result:
fitted value:0.123267 0.287565 0.801846 0.964914 0.239915 0.0992917 0.0307678 
k:3537
judgement1 and judgement2:6.87077e-009 2.31502e-009
calibration time:391.699ms
